51121106969 T -80.49531686498598 37.051091064875386 171511666 R -80.4975 37.05066
51121106969 T -80.49531686498598 37.051091064875386 51121106970 T -80.49367951372548 37.051414363531926
51121106969 T -80.49531686498598 37.051091064875386 511210215001283 H -80.4953187463581 37.05031321397821
171511666 R -80.4975 37.05066 51121107074 T -80.49881674163069 37.05010537834113
171511666 R -80.4975 37.05066 51121107676 T -80.49807066666666 37.04668133333333
171511666 R -80.4975 37.05066 51121106917 T -80.49983666666667 37.05258
51121106970 T -80.49367951372548 37.051414363531926 918464439 R -80.49279 37.051590000000004
51121106970 T -80.49367951372548 37.051414363531926 511210215001351 H -80.4942547868375 37.052470567195286
51121106970 T -80.49367951372548 37.051414363531926 511210215002405 H -80.4938804363912 37.0512810260687
918464439 R -80.49279 37.051590000000004 51121106986 T -80.4923213232227 37.05288836134254
918464439 R -80.49279 37.051590000000004 918464440 R -80.49009000000001 37.05199
51121106979 T -80.51287377687835 37.051929024721815 914996357 R -80.51218 37.05122
51121106979 T -80.51287377687835 37.051929024721815 511210215001332 H -80.5130159596291 37.051650930421
914996357 R -80.51218 37.05122 216601600 R -80.51209 37.05129
914996357 R -80.51218 37.05122 171511259 R -80.51288000000001 37.05072
171511844 R -80.48689 37.08632 24864243 R -80.48737 37.086929999999995
171511844 R -80.48689 37.08632 914987141 R -80.48846 37.08495
171511844 R -80.48689 37.08632 51121108322 T -80.48557989028286 37.08546842868385
24864243 R -80.48737 37.086929999999995 216600937 R -80.48838 37.08704
24864243 R -80.48737 37.086929999999995 24864259 R -80.48648 37.08744
914987141 R -80.48846 37.08495 51121108360 T -80.49030344657895 37.081948490826576
51121108322 T -80.48557989028286 37.08546842868385 511210215003279 H -80.4848356218038 37.08501910393971
51121106983 T -80.48246066666667 37.05145133333335 171511741 R -80.48325 37.05369
51121106983 T -80.48246066666667 37.05145133333335 511210215001349 H -80.4803944048803 37.0523777544125
171511741 R -80.48325 37.05369 51121107320 T -80.48057086330789 37.055999850283186
171511741 R -80.48325 37.05369 51121106928 T -80.48525796163858 37.053190945206794
51121106986 T -80.4923213232227 37.05288836134254 511210215001357 H -80.49229202385841 37.0526980882295
51121106987 T -80.51007736040653 37.05106430050731 171511261 R -80.51175 37.049859999999995
51121106987 T -80.51007736040653 37.05106430050731 511210215001329 H -80.50984544755809 37.051308574400004
171511261 R -80.51175 37.049859999999995 171511259 R -80.51288000000001 37.05072
51121107007 T -80.50587527281816 37.048248829722354 171511618 R -80.50525 37.0475
51121107007 T -80.50587527281816 37.048248829722354 51121107008 T -80.5068131820454 37.04937207430589
51121107007 T -80.50587527281816 37.048248829722354 511210215001281 H -80.50599342268029 37.0484331956806
171511618 R -80.50525 37.0475 914996431 R -80.50614 37.04723
171511618 R -80.50525 37.0475 914996669 R -80.50445 37.04775
51121107008 T -80.5068131820454 37.04937207430589 511210215001330 H -80.5059940204497 37.0503312451144
51121107009 T -80.51661999999997 37.04073 917379798 R -80.51626 37.04108
51121107009 T -80.51661999999997 37.04073 51121021500992 H -80.51758004155029 37.0402471924061
51121107009 T -80.51661999999997 37.04073 511210215001000 H -80.5165138847902 37.0407397356074
917379798 R -80.51626 37.04108 51121107043 T -80.51559181786101 37.04035541287526
917379798 R -80.51626 37.04108 51121109880 T -80.5161523677145 37.0419769357126
51121107010 T -80.48926522786887 37.04844684625299 918464441 R -80.48911 37.047779999999996
51121107010 T -80.48926522786887 37.04844684625299 51121107011 T -80.48916213135247 37.04800395203461
51121107010 T -80.48926522786887 37.04844684625299 511210215001318 H -80.48886139516209 37.048567705088
918464441 R -80.48911 37.047779999999996 51121107648 T -80.4900477577876 37.0475248278129
918464441 R -80.48911 37.047779999999996 51121107678 T -80.48807943980388 37.04568423892889
51121107011 T -80.48916213135247 37.04800395203461 918464440 R -80.49009000000001 37.05199
51121107011 T -80.48916213135247 37.04800395203461 511210215001317 H -80.48916529215529 37.048098580851395
918464440 R -80.49009000000001 37.05199 51121106926 T -80.4884793205462 37.05239031506893
51121107012 T -80.49925385263556 37.040643084215 917379445 R -80.49958000000001 37.04101
51121107012 T -80.49925385263556 37.040643084215 51121021500998 H -80.4990985546385 37.0408341063355
917379445 R -80.49958000000001 37.04101 917379444 R -80.49965 37.04087
917379445 R -80.49958000000001 37.04101 917379446 R -80.49857 37.0432
914987084 R -80.51472 37.03941 51121107044 T -80.51492363572204 37.03963082575052
914987084 R -80.51472 37.03941 51121107045 T -80.51361789983898 37.03958712324017
51121107044 T -80.51492363572204 37.03963082575052 51121107043 T -80.51559181786101 37.04035541287526
51121107044 T -80.51492363572204 37.03963082575052 51121021500988 H -80.5148240772585 37.0381071568046
51121107045 T -80.51361789983898 37.03958712324017 51121021500986 H -80.5137222535412 37.03930037612179
51121107043 T -80.51559181786101 37.04035541287526 51121021500987 H -80.51584646249219 37.04038466184721
51121107046 T -80.50071666666666 37.03641666666665 171511408 R -80.50061 37.037079999999996
51121107046 T -80.50071666666666 37.03641666666665 51121107047 T -80.50082333333333 37.03575333333333
51121107046 T -80.50071666666666 37.03641666666665 51121021500941 H -80.5000355518154 37.0361644277165
171511408 R -80.50061 37.037079999999996 51121107261 T -80.50563000000001 37.034766666666656
171511408 R -80.50061 37.037079999999996 171511413 R -80.5006 37.04002
51121107047 T -80.50082333333333 37.03575333333333 51121107048 T -80.50178333333331 37.02978333333333
51121107047 T -80.50082333333333 37.03575333333333 51121021500945 H -80.5009181816411 37.03590857435029
51121107048 T -80.50178333333331 37.02978333333333 918508166 R -80.50220999999999 37.02713
51121107048 T -80.50178333333331 37.02978333333333 511210215003296 H -80.49882861022671 37.0293447550272
918508166 R -80.50220999999999 37.02713 51121109973 T -80.50440826644841 37.02675416734915
918508166 R -80.50220999999999 37.02713 51121112244 T -80.50355400000001 37.024182
918466669 R -80.50896999999999 37.07269 918466670 R -80.51048 37.07199
918466669 R -80.50896999999999 37.07269 51121107199 T -80.50678599999998 37.066894
918466669 R -80.50896999999999 37.07269 51121107919 T -80.50930466666667 37.07315666666667
918466670 R -80.51048 37.07199 51121108388 T -80.51101024416505 37.07213985161186
51121107199 T -80.50678599999998 37.066894 51121107198 T -80.50532999999999 37.06303
51121107199 T -80.50678599999998 37.066894 511210215002794 H -80.507499704789 37.0665641505953
51121107199 T -80.50678599999998 37.066894 51121021500730 H -80.5084100027193 37.0661308340317
51121107919 T -80.50930466666667 37.07315666666667 51121107918 T -80.51030866666666 37.074556666666666
51121107919 T -80.50930466666667 37.07315666666667 511210215001608 H -80.50921194967471 37.072770465984796
51121108388 T -80.51101024416505 37.07213985161186 51121108389 T -80.51154048833006 37.07228970322371
51121108388 T -80.51101024416505 37.07213985161186 511210215001605 H -80.51104712409209 37.0720975998279
51121109106 T -80.5102123853053 37.02618468164358 51121109107 T -80.50965357795793 37.02623202246536
51121109106 T -80.5102123853053 37.02618468164358 511210215001057 H -80.5101121334121 37.0264571972278
51121109107 T -80.50965357795793 37.02623202246536 915003288 R -80.50531 37.0266
51121109107 T -80.50965357795793 37.02623202246536 51121021500144 H -80.5091963169864 37.0240159421434
915003288 R -80.50531 37.0266 51121109972 T -80.50385869983629 37.026848125511854
51121107070 T -80.50329486211467 37.04821915969839 335462813 R -80.50429 37.0478
51121107070 T -80.50329486211467 37.04821915969839 51121107071 T -80.502797293172 37.048428739547575
51121107070 T -80.50329486211467 37.04821915969839 511210215001429 H -80.5031671818533 37.048189201789796
335462813 R -80.50429 37.0478 914996669 R -80.50445 37.04775
335462813 R -80.50429 37.0478 51121107672 T -80.5045230403244 37.046918499642416
51121107071 T -80.502797293172 37.048428739547575 51121107072 T -80.50229972422933 37.04863831939678
51121107071 T -80.502797293172 37.048428739547575 511210215001288 H -80.5030397972495 37.048556837131294
51121107072 T -80.50229972422933 37.04863831939678 51121107073 T -80.499811879516 37.04968621864275
51121107072 T -80.50229972422933 37.04863831939678 511210215003305 H -80.5025741925588 37.0488339769148
51121107073 T -80.499811879516 37.04968621864275 51121107074 T -80.49881674163069 37.05010537834113
51121107073 T -80.499811879516 37.04968621864275 511210215001310 H -80.500121381059 37.0499910259744
51121107074 T -80.49881674163069 37.05010537834113 511210215001301 H -80.49895706921491 37.049874523301604
51121109123 T -80.5040768123802 37.0900356487667 1045503962 R -80.50341 37.08931
51121109123 T -80.5040768123802 37.0900356487667 1045503965 R -80.50477 37.090790000000005
51121109123 T -80.5040768123802 37.0900356487667 511210215003222 H -80.5028040881373 37.0908780019799
1045503962 R -80.50341 37.08931 51121105405 T -80.5034915048122 37.08915514085683
1045503965 R -80.50477 37.090790000000005 1045503963 R -80.50477 37.090709999999994
51121108360 T -80.49030344657895 37.081948490826576 171511707 R -80.4908 37.081140000000005
51121108360 T -80.49030344657895 37.081948490826576 511210215001849 H -80.4909175023039 37.082303187829204
51121107086 T -80.51900692984319 37.04131922146561 917379799 R -80.51849 37.04203
51121107086 T -80.51900692984319 37.04131922146561 511210215001207 H -80.5194111355121 37.0413623225212
917379799 R -80.51849 37.04203 51121107690 T -80.5176106181813 37.04231832190777
917379799 R -80.51849 37.04203 51121108798 T -80.51924622681136 37.04269667363633
919845027 R -80.47955 37.05688 51121107253 T -80.47816057612779 37.05721452370936
919845027 R -80.47955 37.05688 51121107304 T -80.4794127435075 37.05731690094797
919845027 R -80.47955 37.05688 51121107319 T -80.48095359712107 37.05566987167131
51121107253 T -80.47816057612779 37.05721452370936 51121107252 T -80.47385352537594 37.058251507903115
51121107253 T -80.47816057612779 37.05721452370936 511210215003054 H -80.4782247455512 37.0577242814295
51121107304 T -80.4794127435075 37.05731690094797 51121107305 T -80.479275487015 37.057753801895934
51121107304 T -80.4794127435075 37.05731690094797 51121021500828 H -80.4794544130466 37.05718437741221
51121107319 T -80.48095359712107 37.05566987167131 51121107320 T -80.48057086330789 37.055999850283186
51121107319 T -80.48095359712107 37.05566987167131 511210215001409 H -80.4797013195938 37.0550065284495
914981063 R -80.50486 37.08698 878521955 R -80.50599 37.08712
914981063 R -80.50486 37.08698 51121105332 T -80.50572454487866 37.08640363674757
878521955 R -80.50599 37.08712 335463073 R -80.50683000000001 37.08783
51121105332 T -80.50572454487866 37.08640363674757 511210215001915 H -80.5057256280323 37.0860757378951
51121105332 T -80.50572454487866 37.08640363674757 511210215003350 H -80.50569320924491 37.0865245580417
51121107164 T -80.51507 37.0491 842907466 R -80.51507 37.0491
51121107164 T -80.51507 37.0491 51121107165 T -80.51341773367466 37.05032222440504
51121107164 T -80.51507 37.0491 511210215003298 H -80.5149338794688 37.0491845450115
842907466 R -80.51507 37.0491 51121107211 T -80.51528157577802 37.04893613248565
51121107165 T -80.51341773367466 37.05032222440504 171511259 R -80.51288000000001 37.05072
51121107165 T -80.51341773367466 37.05032222440504 511210215001480 H -80.5137331248664 37.050336488415105
915003620 R -80.50814 37.033609999999996 51121107260 T -80.507136 37.03407266666665
915003620 R -80.50814 37.033609999999996 51121107278 T -80.5092487130751 37.033462171589974
915003620 R -80.50814 37.033609999999996 51121107392 T -80.50736289769921 37.03210200148115
51121107260 T -80.507136 37.03407266666665 51121107261 T -80.50563000000001 37.034766666666656
51121107260 T -80.507136 37.03407266666665 51121021500889 H -80.5071809666905 37.0344053549977
51121107278 T -80.5092487130751 37.033462171589974 51121021500891 H -80.50943514939121 37.033605771051995
51121107392 T -80.50736289769921 37.03210200148115 511210215003362 H -80.5073136470221 37.0322473384811
51121107392 T -80.50736289769921 37.03210200148115 511210215001146 H -80.5073169911618 37.0319974550169
51121107179 T -80.52683142367975 37.044393002671015 51121107180 T -80.52477998858609 37.045130339565695
51121107179 T -80.52683142367975 37.044393002671015 511210215001476 H -80.52685679189429 37.04455132795921
51121107180 T -80.52477998858609 37.045130339565695 51121107181 T -80.52426712981269 37.04531467378937
51121107180 T -80.52477998858609 37.045130339565695 511210215003352 H -80.5248383435504 37.0451804239723
51121107180 T -80.52477998858609 37.045130339565695 511210215001477 H -80.5248807937503 37.045061038850896
51121107181 T -80.52426712981269 37.04531467378937 918469866 R -80.52211 37.04609
51121107181 T -80.52426712981269 37.04531467378937 511210215001258 H -80.52488821946879 37.046376994585295
918469866 R -80.52211 37.04609 51121107214 T -80.52067246525644 37.04634793087504
918469866 R -80.52211 37.04609 51121107646 T -80.5223254431628 37.047430535235094
51121107196 T -80.50350999999998 37.0582 24864215 R -80.50350999999999 37.0582
51121107196 T -80.50350999999998 37.0582 51121107197 T -80.503874 37.059166
51121107196 T -80.50350999999998 37.0582 51121021500845 H -80.5045222247634 37.0584183731413
24864215 R -80.50350999999999 37.0582 51121107289 T -80.50350999999998 37.0582
24864215 R -80.50350999999999 37.0582 51121110283 T -80.50374079473704 37.05778918536806
51121107197 T -80.503874 37.059166 51121107198 T -80.50532999999999 37.06303
51121107197 T -80.503874 37.059166 51121021500595 H -80.5035052073646 37.0592011186786
51121107198 T -80.50532999999999 37.06303 51121021500679 H -80.5054223526713 37.0625793444179
51121107207 T -80.50659594256514 37.05778144400802 914988629 R -80.50631 37.056909999999995
51121107207 T -80.50659594256514 37.05778144400802 51121021500836 H -80.5059601940238 37.0579118404682
51121107207 T -80.50659594256514 37.05778144400802 51121021500592 H -80.5074541581931 37.0588775586462
914988629 R -80.50631 37.056909999999995 51121107271 T -80.50655565541342 37.056746229724375
914988629 R -80.50631 37.056909999999995 918469859 R -80.50568 37.05581
51121107208 T -80.50945 37.053050000000006 216601600 R -80.51209 37.05129
51121107208 T -80.50945 37.053050000000006 511210215001481 H -80.5094720958541 37.0533997862777
51121107211 T -80.51528157577802 37.04893613248565 216616427 R -80.51609 37.04831
51121107211 T -80.51528157577802 37.04893613248565 511210215001479 H -80.5150963866453 37.0490595369888
216616427 R -80.51609 37.04831 171511251 R -80.5171 37.04749
51121107214 T -80.52067246525644 37.04634793087504 51121107215 T -80.52176945135899 37.046151103225064
51121107214 T -80.52067246525644 37.04634793087504 511210215001478 H -80.52075903129492 37.0467922664699
51121107215 T -80.52176945135899 37.046151103225064 24864021 R -80.51793 37.04684
51121107215 T -80.52176945135899 37.046151103225064 511210215001227 H -80.5218341363002 37.04509467451
24864021 R -80.51793 37.04684 979753656 R -80.51716 37.046209999999995
24864021 R -80.51793 37.04684 171511251 R -80.5171 37.04749
51121105188 T -80.46875 37.08821 24865551 R -80.46875 37.08821
51121105188 T -80.46875 37.08821 51121105189 T -80.46974266666666 37.088204666666655
51121105188 T -80.46875 37.08821 511210215001995 H -80.4688799068394 37.0885317748326
24865551 R -80.46875 37.08821 51121105234 T -80.46847977056694 37.08812480718677
51121105189 T -80.46974266666666 37.088204666666655 51121105190 T -80.471728 37.088194
51121105189 T -80.46974266666666 37.088204666666655 511210215001918 H -80.4692991278158 37.0881431532662
51121105190 T -80.471728 37.088194 51121105191 T -80.47470600000001 37.088178000000006
51121105190 T -80.471728 37.088194 511210215002038 H -80.4718468997588 37.09278741103879
51121105190 T -80.471728 37.088194 511210215001889 H -80.471417473669 37.08611681301621
51121105191 T -80.47470600000001 37.088178000000006 51121105192 T -80.47966933333333 37.08815133333333
51121105191 T -80.47470600000001 37.088178000000006 511210215001890 H -80.47474212787608 37.0857719885672
51121105192 T -80.47966933333333 37.08815133333333 51121105193 T -80.48264733333335 37.088135333333334
51121105192 T -80.47966933333333 37.08815133333333 511210215001937 H -80.4798596920928 37.089187956331294
51121105193 T -80.48264733333335 37.088135333333334 24864266 R -80.48364000000001 37.08813
51121105193 T -80.48264733333335 37.088135333333334 511210215002532 H -80.4831265661079 37.088997074664704
24864266 R -80.48364000000001 37.08813 51121105290 T -80.48525450274252 37.08773774405199
51121107252 T -80.47385352537594 37.058251507903115 511210215001441 H -80.47378296411671 37.057290386347496
51121107261 T -80.50563000000001 37.034766666666656 51121021500887 H -80.5055239534936 37.0349888622104
51121107270 T -80.5069878277067 37.05645811486219 51121107271 T -80.50655565541342 37.056746229724375
51121107270 T -80.5069878277067 37.05645811486219 51121021500829 H -80.5071957077627 37.056622040801294
51121107271 T -80.50655565541342 37.056746229724375 511210215001449 H -80.5065923079924 37.0565995295781
51121107271 T -80.50655565541342 37.056746229724375 511210215001439 H -80.5064117302042 37.0569076960499
216600904 R -80.46319 37.086090000000006 51121105282 T -80.46278873037582 37.08579240185929
216600904 R -80.46319 37.086090000000006 51121112411 T -80.4635529255072 37.08643415349821
51121105282 T -80.46278873037582 37.08579240185929 51121105281 T -80.46031267576798 37.08395605740847
51121105282 T -80.46278873037582 37.08579240185929 511210215001920 H -80.46191536229101 37.0866001133834
51121112411 T -80.4635529255072 37.08643415349821 24864616 R -80.46377 37.08664
51121112411 T -80.4635529255072 37.08643415349821 511210215002614 H -80.4632024993067 37.088210467006604
51121105233 T -80.46429330784079 37.08680497857631 24864616 R -80.46377 37.08664
51121105233 T -80.46429330784079 37.08680497857631 51121105234 T -80.46847977056694 37.08812480718677
51121105233 T -80.46429330784079 37.08680497857631 511210215001928 H -80.4634566474119 37.0884965015433
24864616 R -80.46377 37.08664 51121105299 T -80.46433070564612 37.086605446710884
51121105234 T -80.46847977056694 37.08812480718677 511210215001994 H -80.4684754682763 37.0884378397335
51121107289 T -80.50350999999998 37.0582 51121107290 T -80.50271961716889 37.058840850944144
51121107289 T -80.50350999999998 37.0582 51121021500851 H -80.5029145536299 37.058044279791496
51121107290 T -80.50271961716889 37.058840850944144 51121107291 T -80.50232442575334 37.05916127641621
51121107290 T -80.50271961716889 37.058840850944144 511210215002389 H -80.5031351051829 37.0593435818896
51121107291 T -80.50232442575334 37.05916127641621 51121107292 T -80.50074366009115 37.06044297830448
51121107291 T -80.50232442575334 37.05916127641621 51121021500593 H -80.50189108396509 37.0589734965559
51121107292 T -80.50074366009115 37.06044297830448 51121107293 T -80.49995327726005 37.061083829248616
51121107292 T -80.50074366009115 37.06044297830448 51121021500667 H -80.50059304145259 37.06021239015779
51121107293 T -80.49995327726005 37.061083829248616 171511657 R -80.49944 37.0615
51121107293 T -80.49995327726005 37.061083829248616 51121021500616 H -80.4997042548632 37.0608775866652
171511657 R -80.49944 37.0615 51121107316 T -80.49889970928425 37.06137552125666
171511657 R -80.49944 37.0615 51121107448 T -80.49879800000002 37.061956
51121107305 T -80.479275487015 37.057753801895934 51121107306 T -80.4791382305225 37.0581907028439
51121107305 T -80.479275487015 37.057753801895934 51121021500849 H -80.4786782457616 37.0578453286057
216600937 R -80.48838 37.08704 51121105291 T -80.48873804275391 37.08720429667496
51121105291 T -80.48873804275391 37.08720429667496 171513792 R -80.49069 37.0881
51121105291 T -80.48873804275391 37.08720429667496 511210215001906 H -80.4891047967863 37.0860394169984
51121107306 T -80.4791382305225 37.0581907028439 914992519 R -80.47884 37.05914
51121107306 T -80.4791382305225 37.0581907028439 51121021500855 H -80.47931356929759 37.05822817167649
914992519 R -80.47884 37.05914 51121107708 T -80.47993191223469 37.05935480240682
51121113452 T -80.49560345027625 37.09262694535728 335463082 R -80.49744 37.09389
51121113452 T -80.49560345027625 37.09262694535728 216600992 R -80.49475 37.092040000000004
51121113452 T -80.49560345027625 37.09262694535728 511210215002014 H -80.49602689096349 37.09191896472621
335463082 R -80.49744 37.09389 51121108638 T -80.49965433002666 37.094208200968396
216600992 R -80.49475 37.092040000000004 51121109526 T -80.49319617806687 37.090532103838314
917379443 R -80.49977 37.04072 917379444 R -80.49965 37.04087
917379443 R -80.49977 37.04072 51121109907 T -80.49982559585533 37.04067311192925
917379444 R -80.49965 37.04087 51121109899 T -80.50019181057955 37.042149929340034
51121109907 T -80.49982559585533 37.04067311192925 171511413 R -80.5006 37.04002
51121109907 T -80.49982559585533 37.04067311192925 511210215001001 H -80.50020546346141 37.0407018850384
51121109899 T -80.50019181057955 37.042149929340034 511210215001013 H -80.5005585133732 37.0422671041804
51121107316 T -80.49889970928425 37.06137552125666 51121107317 T -80.49619825570541 37.06075312753997
51121107316 T -80.49889970928425 37.06137552125666 511210215002990 H -80.499087523925 37.0611953940489
51121107317 T -80.49619825570541 37.06075312753997 51121107318 T -80.49565796498962 37.060628648796616
51121107317 T -80.49619825570541 37.06075312753997 51121021500618 H -80.4965123185121 37.0595777718273
51121107318 T -80.49565796498962 37.060628648796616 51121021500629 H -80.4949944063384 37.0609448919
51121107318 T -80.49565796498962 37.060628648796616 51121021500594 H -80.4954758922414 37.0603557941354
51121107320 T -80.48057086330789 37.055999850283186 51121021500840 H -80.4813490727388 37.0566001413688
917379446 R -80.49857 37.0432 51121107481 T -80.49802385251478 37.04330639236725
917379446 R -80.49857 37.0432 51121107676 T -80.49807066666666 37.04668133333333
51121107481 T -80.49802385251478 37.04330639236725 51121107482 T -80.49747770502957 37.0434127847345
51121107481 T -80.49802385251478 37.04330639236725 511210215002863 H -80.49772013442791 37.0431675825139
51121107676 T -80.49807066666666 37.04668133333333 511210215002500 H -80.4957948413572 37.0466062838794
51121105275 T -80.50785730052291 37.08747331825421 915011966 R -80.5086 37.08815
51121105275 T -80.50785730052291 37.08747331825421 511210215001924 H -80.5080370555294 37.087608497571004
915011966 R -80.5086 37.08815 51121105398 T -80.50831439739106 37.08849933211671
915011966 R -80.5086 37.08815 51121105410 T -80.50888595254146 37.0870230105719
51121105398 T -80.50831439739106 37.08849933211671 51121105397 T -80.50769813246369 37.08925311070557
51121105398 T -80.50831439739106 37.08849933211671 511210215001985 H -80.5098301746314 37.0893045430105
51121105410 T -80.50888595254146 37.0870230105719 51121105409 T -80.50899797627072 37.086581505285956
51121105410 T -80.50888595254146 37.0870230105719 511210215001601 H -80.50889181219401 37.0871216929321
216600960 R -80.50545 37.09466 24865475 R -80.50251999999999 37.09462
216600960 R -80.50545 37.09466 1127865129 R -80.50631 37.09366
24865475 R -80.50251999999999 37.09462 51121108639 T -80.50131507754665 37.094446851694705
1127865129 R -80.50631 37.09366 24865435 R -80.50662 37.09352
51121105281 T -80.46031267576798 37.08395605740847 511210215001870 H -80.4598555081331 37.08409027214649
51121107332 T -80.50817876933677 37.04661966512774 51121107331 T -80.51135125276241 37.04570280930396
51121107332 T -80.50817876933677 37.04661966512774 171511398 R -80.50797 37.04668
51121107332 T -80.50817876933677 37.04661966512774 511210215003036 H -80.50839987024351 37.0466011789547
51121107331 T -80.51135125276241 37.04570280930396 335462824 R -80.51188 37.04555
51121107331 T -80.51135125276241 37.04570280930396 511210215001427 H -80.5113161266145 37.04552571337071
171511398 R -80.50797 37.04668 914996431 R -80.50614 37.04723
335462824 R -80.51188 37.04555 51121107335 T -80.51408371544998 37.04579872634876
335462824 R -80.51188 37.04555 51121107669 T -80.51206615100438 37.04621053582197
51121107335 T -80.51408371544998 37.04579872634876 51121107336 T -80.51241400203747 37.04561027111032
51121107335 T -80.51408371544998 37.04579872634876 511210215001425 H -80.5142864827267 37.045665325377605
51121107336 T -80.51241400203747 37.04561027111032 243540909 R -80.51631 37.04605
51121107336 T -80.51241400203747 37.04561027111032 511210215001426 H -80.5125032435883 37.0454808253469
243540909 R -80.51631 37.04605 979753656 R -80.51716 37.046209999999995
243540909 R -80.51631 37.04605 51121107694 T -80.51626781720155 37.04552758226507
51121105290 T -80.48525450274252 37.08773774405199 24864259 R -80.48648 37.08744
51121105290 T -80.48525450274252 37.08773774405199 511210215001919 H -80.4849827860426 37.0872013907824
171513792 R -80.49069 37.0881 51121105295 T -80.49069 37.0881
171513792 R -80.49069 37.0881 51121109526 T -80.49319617806687 37.090532103838314
51121105295 T -80.49069 37.0881 51121105296 T -80.494646 37.086896
51121105295 T -80.49069 37.0881 511210215001917 H -80.4909423987311 37.087869918913995
51121105296 T -80.494646 37.086896 51121105297 T -80.49728333333333 37.08609333333333
51121105296 T -80.494646 37.086896 511210215001874 H -80.4944307177508 37.0863636580539
51121105297 T -80.49728333333333 37.08609333333333 51121105298 T -80.49992066666667 37.085290666666666
51121105297 T -80.49728333333333 37.08609333333333 511210215003273 H -80.49681932168549 37.085663450444
51121105298 T -80.49992066666667 37.085290666666666 511210215001876 H -80.49964490126808 37.084892861198895
51121105299 T -80.46433070564612 37.086605446710884 51121105300 T -80.46713423387676 37.0864326802653
51121105299 T -80.46433070564612 37.086605446710884 511210215001911 H -80.4645824819265 37.0864780185871
51121105300 T -80.46713423387676 37.0864326802653 511210215001912 H -80.46728227751359 37.0863050901104
51121105300 T -80.46713423387676 37.0864326802653 511210215002562 H -80.4672309963446 37.0869456741812
51121113494 T -80.50822919324001 37.09555830087882 24865440 R -80.50729 37.09496
51121113494 T -80.50822919324001 37.09555830087882 511210215002098 H -80.508020937415 37.0956350877452
24865440 R -80.50729 37.09496 24865442 R -80.50707 37.09492
914996669 R -80.50445 37.04775 51121107645 T -80.50446699364407 37.04820033156725
51121107672 T -80.5045230403244 37.046918499642416 511210215001236 H -80.50425221905229 37.0468549027861
51121109526 T -80.49319617806687 37.090532103838314 511210215002368 H -80.493099348782 37.09074988797771
51121107669 T -80.51206615100438 37.04621053582197 335462826 R -80.51219 37.04665
51121107669 T -80.51206615100438 37.04621053582197 511210215001249 H -80.51193884111821 37.0464204785705
335462826 R -80.51219 37.04665 51121112507 T -80.51181645828602 37.046986648705186
51121112507 T -80.51181645828602 37.046986648705186 511210215002461 H -80.51195792299029 37.046972494844
51121105392 T -80.50515934703671 37.09068540966084 1045503963 R -80.50477 37.090709999999994
51121105392 T -80.50515934703671 37.09068540966084 335463031 R -80.50572 37.09065
51121105392 T -80.50515934703671 37.09068540966084 511210215001969 H -80.5052050222715 37.0908133520644
335463031 R -80.50572 37.09065 335463039 R -80.5061 37.09089
51121107445 T -80.5014090906927 37.04064551549352 171511413 R -80.5006 37.04002
51121107445 T -80.5014090906927 37.04064551549352 51121107446 T -80.5030272720781 37.041896546480544
51121107445 T -80.5014090906927 37.04064551549352 511210215001176 H -80.5014851443371 37.040726010198796
51121107446 T -80.5030272720781 37.041896546480544 914987926 R -80.50417 37.04278
51121107446 T -80.5030272720781 37.041896546480544 511210215001020 H -80.50191992519301 37.0428825844152
51121105397 T -80.50769813246369 37.08925311070557 335463024 R -80.50739 37.08963
51121105397 T -80.50769813246369 37.08925311070557 511210215001553 H -80.5075904747598 37.0892829547798
335463024 R -80.50739 37.08963 24865424 R -80.50665 37.09069
335463024 R -80.50739 37.08963 243540881 R -80.50688000000001 37.08892
51121105399 T -80.50665 37.09069 24865424 R -80.50665 37.09069
51121105399 T -80.50665 37.09069 335463039 R -80.5061 37.09089
51121105399 T -80.50665 37.09069 511210215001970 H -80.5063212936183 37.09049243848821
24865424 R -80.50665 37.09069 24865435 R -80.50662 37.09352
24865424 R -80.50665 37.09069 51121108731 T -80.5073374447056 37.09140319911821
51121107448 T -80.49879800000002 37.061956 51121107449 T -80.494304 37.065148
51121107448 T -80.49879800000002 37.061956 51121021500668 H -80.49864161945109 37.0623275050219
51121107449 T -80.494304 37.065148 51121107450 T -80.493662 37.065604
51121107449 T -80.494304 37.065148 511210215003244 H -80.4942884409431 37.0650662792547
51121107450 T -80.493662 37.065604 918458227 R -80.48980999999999 37.06834
51121107450 T -80.493662 37.065604 51121021500670 H -80.4933613675069 37.065682009436
918458227 R -80.48980999999999 37.06834 51121107454 T -80.48820504370643 37.06922731552453
918458227 R -80.48980999999999 37.06834 51121108370 T -80.49034177693167 37.06848626964555
914987926 R -80.50417 37.04278 51121108644 T -80.50514955958045 37.041679879240405
51121105405 T -80.5034915048122 37.08915514085683 511210215001972 H -80.50313254567591 37.0894372713362
51121107452 T -80.48450278263405 37.071274146169394 51121107453 T -80.48542834790214 37.07076243850817
51121107452 T -80.48450278263405 37.071274146169394 511210215002477 H -80.484471554488 37.0715060633117
51121107453 T -80.48542834790214 37.07076243850817 51121107454 T -80.48820504370643 37.06922731552453
51121107453 T -80.48542834790214 37.07076243850817 51121021500672 H -80.48555550797641 37.07081717732071
51121107454 T -80.48820504370643 37.06922731552453 51121021500671 H -80.4886423941821 37.0694120291017
51121105409 T -80.50899797627072 37.086581505285956 24864196 R -80.50910999999999 37.08614
51121105409 T -80.50899797627072 37.086581505285956 511210215003377 H -80.5087011575711 37.0865974408393
24864196 R -80.50910999999999 37.08614 51121108255 T -80.510086 37.08485
51121107482 T -80.49747770502957 37.0434127847345 511210215001177 H -80.49764057473959 37.043265003696796
51121107482 T -80.49747770502957 37.0434127847345 511210215003053 H -80.4976010077765 37.0436033822948
51121107482 T -80.49747770502957 37.0434127847345 511210215002816 H -80.4964219925525 37.0438008029109
51121109545 T -80.50683000000002 37.08783 335463073 R -80.50683000000001 37.08783
51121109545 T -80.50683000000002 37.08783 511210215003005 H -80.50676957291091 37.0879379919852
335463073 R -80.50683000000001 37.08783 51121112976 T -80.50685934722205 37.08846976944053
243540881 R -80.50688000000001 37.08892 51121112976 T -80.50685934722205 37.08846976944053
24865435 R -80.50662 37.09352 24865436 R -80.50676999999999 37.09398
51121108731 T -80.5073374447056 37.09140319911821 51121108732 T -80.5093997788224 37.09354279647281
51121108731 T -80.5073374447056 37.09140319911821 511210215003101 H -80.507667478828 37.0913487227587
24865436 R -80.50676999999999 37.09398 24865451 R -80.50665 37.09485
24865451 R -80.50665 37.09485 24865442 R -80.50707 37.09492
24865451 R -80.50665 37.09485 51121108806 T -80.5049680976053 37.094957754192414
51121112976 T -80.50685934722205 37.08846976944053 511210215002930 H -80.50700024658201 37.0883691144717
51121108638 T -80.49965433002666 37.094208200968396 51121108639 T -80.50131507754665 37.094446851694705
51121108638 T -80.49965433002666 37.094208200968396 511210215002023 H -80.5000032441669 37.0938772589233
51121108806 T -80.5049680976053 37.094957754192414 51121108807 T -80.50384682934215 37.095029590320685
51121108806 T -80.5049680976053 37.094957754192414 511210215002062 H -80.504987906341 37.0949852553918
51121107633 T -80.52252585970025 37.049229961837355 915014676 R -80.52247 37.04833
51121107633 T -80.52252585970025 37.049229961837355 511210215001280 H -80.52277908472429 37.049386057999
915014676 R -80.52247 37.04833 51121107646 T -80.5223254431628 37.047430535235094
51121107645 T -80.50446699364407 37.04820033156725 511210215003369 H -80.5048971609788 37.048095693484996
51121107646 T -80.5223254431628 37.047430535235094 511210215002508 H -80.5221986582035 37.047386991675296
51121107646 T -80.5223254431628 37.047430535235094 511210215001240 H -80.5228377852672 37.0474985405729
51121107647 T -80.49058000000002 37.04738 51121107648 T -80.4900477577876 37.0475248278129
51121107647 T -80.49058000000002 37.04738 511210215001220 H -80.4921794265544 37.045089816623296
51121107648 T -80.4900477577876 37.0475248278129 511210215003272 H -80.4899633431333 37.04757740353021
24865474 R -80.50358 37.09551 24865477 R -80.5029 37.09535
24865474 R -80.50358 37.09551 51121112421 T -80.50634612605799 37.09705842926073
24865477 R -80.5029 37.09535 311295471 R -80.46667 37.10152
51121112421 T -80.50634612605799 37.09705842926073 51121112420 T -80.50588510504834 37.09680035771728
51121112421 T -80.50634612605799 37.09705842926073 511210215002112 H -80.5064627138684 37.0972695983181
51121112421 T -80.50634612605799 37.09705842926073 511210215002111 H -80.506180475503 37.0969377320409
51121108639 T -80.50131507754665 37.094446851694705 511210215003173 H -80.50136705833421 37.0954442495104
24865476 R -80.50305999999999 37.095079999999996 215616412 R -80.46645 37.10122
24865476 R -80.50305999999999 37.095079999999996 51121108808 T -80.50328619521058 37.09506550838484
215616412 R -80.46645 37.10122 311295471 R -80.46667 37.10152
51121108808 T -80.50328619521058 37.09506550838484 51121108807 T -80.50384682934215 37.095029590320685
51121108808 T -80.50328619521058 37.09506550838484 511210215002623 H -80.5033063879673 37.0952157492276
311295471 R -80.46667 37.10152 28229 S -80.46710169 37.10222454
51121107653 T -80.50647304381809 37.047592932365866 914996431 R -80.50614 37.04723
51121107653 T -80.50647304381809 37.047592932365866 51121107654 T -80.50747217527234 37.04868172946345
51121107653 T -80.50647304381809 37.047592932365866 511210215002647 H -80.5066452973252 37.0475167513258
51121107653 T -80.50647304381809 37.047592932365866 511210215001268 H -80.50626552994879 37.0475022685063
51121107654 T -80.50747217527234 37.04868172946345 511210215001282 H -80.5080836034864 37.0496693245019
51121109880 T -80.5161523677145 37.0419769357126 243540910 R -80.51605 37.04283
51121109880 T -80.5161523677145 37.0419769357126 511210215001009 H -80.51597246424241 37.0420916120519
51121107690 T -80.5176106181813 37.04231832190777 243540910 R -80.51605 37.04283
51121107690 T -80.5176106181813 37.04231832190777 511210215001206 H -80.5175960765171 37.042539188888895
51121108798 T -80.51924622681136 37.04269667363633 511210215003094 H -80.5191755622247 37.04279093683321
51121107678 T -80.48807943980388 37.04568423892889 511210215002551 H -80.4891134855475 37.0442994343826
51121107678 T -80.48807943980388 37.04568423892889 511210215001221 H -80.4893345642313 37.04431156375321
243540910 R -80.51605 37.04283 51121107694 T -80.51626781720155 37.04552758226507
51121107694 T -80.51626781720155 37.04552758226507 511210215002713 H -80.5164862300645 37.0453067556459
51121107694 T -80.51626781720155 37.04552758226507 511210215001205 H -80.5164401889831 37.0457424307682
51121107708 T -80.47993191223469 37.05935480240682 51121107709 T -80.48102382446935 37.059569604813646
51121107708 T -80.47993191223469 37.05935480240682 511210215003260 H -80.4795732030978 37.060387526577394
51121107709 T -80.48102382446935 37.059569604813646 51121021500582 H -80.4809889238179 37.0593213648106
51121108644 T -80.50514955958045 37.041679879240405 511210215001011 H -80.5055700740501 37.041863048252
51121107893 T -80.52887 37.07348 51121107894 T -80.52811666666666 37.07373466666667
51121107893 T -80.52887 37.07348 511210215002979 H -80.52881806898621 37.0731519060954
51121107894 T -80.52811666666666 37.07373466666667 51121107895 T -80.52585666666667 37.074498666666656
51121107894 T -80.52811666666666 37.07373466666667 511210215001604 H -80.5282914425693 37.07371175993371
51121107894 T -80.52811666666666 37.07373466666667 511210215001661 H -80.52856138860659 37.0740720709786
51121107895 T -80.52585666666667 37.074498666666656 51121107896 T -80.52435 37.075008000000004
51121107895 T -80.52585666666667 37.074498666666656 511210215001692 H -80.5259504804148 37.0746264742515
51121107896 T -80.52435 37.075008000000004 51121107897 T -80.52208999999998 37.075772
51121107896 T -80.52435 37.075008000000004 511210215001662 H -80.5249097360686 37.07658490296621
51121107896 T -80.52435 37.075008000000004 511210215001686 H -80.5243479893204 37.0752238106939
51121107896 T -80.52435 37.075008000000004 511210215003203 H -80.5241337230915 37.0749943895525
51121107897 T -80.52208999999998 37.075772 51121107898 T -80.52133666666666 37.07602666666666
51121107897 T -80.52208999999998 37.075772 511210215001650 H -80.5220617778045 37.0749383257039
51121107898 T -80.52133666666666 37.07602666666666 51121107899 T -80.51983 37.076536
51121107898 T -80.52133666666666 37.07602666666666 511210215001693 H -80.5209467252922 37.0756839353514
51121107899 T -80.51983 37.076536 51121107900 T -80.51907666666666 37.07679066666667
51121107899 T -80.51983 37.076536 511210215001746 H -80.52087326136999 37.0778707063737
51121107900 T -80.51907666666666 37.07679066666667 916272236 R -80.51756999999999 37.0773
51121107900 T -80.51907666666666 37.07679066666667 511210215001747 H -80.5185951619676 37.076629614716786
916272236 R -80.51756999999999 37.0773 51121107901 T -80.51713800166955 37.077588401120046
916272236 R -80.51756999999999 37.0773 51121108121 T -80.51705519556714 37.077118788839634
51121107901 T -80.51713800166955 37.077588401120046 51121107902 T -80.51584200667824 37.078453604480174
51121107901 T -80.51713800166955 37.077588401120046 511210215001800 H -80.51824350532621 37.078958558821796
51121107902 T -80.51584200667824 37.078453604480174 51121107903 T -80.5154100083478 37.07874200560021
51121107902 T -80.51584200667824 37.078453604480174 511210215001705 H -80.51503097363658 37.0776251099703
51121107903 T -80.5154100083478 37.07874200560021 51121107904 T -80.51411401335649 37.07960720896034
51121107903 T -80.5154100083478 37.07874200560021 511210215003274 H -80.5163968508316 37.0794268526811
51121107904 T -80.51411401335649 37.07960720896034 24864191 R -80.51399 37.07969
51121107904 T -80.51411401335649 37.07960720896034 511210215002420 H -80.514141429653 37.0793512696642
24864191 R -80.51399 37.07969 51121107914 T -80.51399 37.07969
24864191 R -80.51399 37.07969 51121108252 T -80.513014 37.08098
51121107914 T -80.51399 37.07969 51121107915 T -80.51231666666666 37.07735666666667
51121107914 T -80.51399 37.07969 511210215001767 H -80.5137755008792 37.079636956286286
51121107915 T -80.51231666666666 37.07735666666667 51121107916 T -80.51164733333333 37.07642333333333
51121107915 T -80.51231666666666 37.07735666666667 511210215001603 H -80.51218562877509 37.077678782834894
51121107916 T -80.51164733333333 37.07642333333333 51121107917 T -80.51097800000001 37.07549
51121107916 T -80.51164733333333 37.07642333333333 511210215001707 H -80.5136344980253 37.0756831044901
51121107917 T -80.51097800000001 37.07549 51121107918 T -80.51030866666666 37.074556666666666
51121107917 T -80.51097800000001 37.07549 511210215002358 H -80.51090453055471 37.0755116836107
51121107917 T -80.51097800000001 37.07549 511210215001634 H -80.5107331582883 37.075383460168794
51121107917 T -80.51097800000001 37.07549 511210215001636 H -80.51041986969159 37.0757428783175
51121107918 T -80.51030866666666 37.074556666666666 511210215001666 H -80.509633232514 37.07469322275779
51121109973 T -80.50440826644841 37.02675416734915 51121109972 T -80.50385869983629 37.026848125511854
51121109973 T -80.50440826644841 37.02675416734915 511210215001049 H -80.5045991990928 37.026743983502996
51121109972 T -80.50385869983629 37.026848125511854 511210215001048 H -80.5035824317067 37.0268679579156
51121107985 T -80.49072557148581 37.080693428914905 171511707 R -80.4908 37.081140000000005
51121107985 T -80.49072557148581 37.080693428914905 51121107986 T -80.49057671445746 37.07980028674471
51121107985 T -80.49072557148581 37.080693428914905 511210215002911 H -80.4901215236565 37.080724944844704
171511707 R -80.4908 37.081140000000005 51121107989 T -80.4908 37.08114000000001
51121107986 T -80.49057671445746 37.07980028674471 51121107987 T -80.49042785742907 37.078907144574494
51121107986 T -80.49057671445746 37.07980028674471 511210215001768 H -80.4905368350175 37.0800147311781
51121107987 T -80.49042785742907 37.078907144574494 51121107988 T -80.49027900040072 37.07801400240429
51121107987 T -80.49042785742907 37.078907144574494 511210215001769 H -80.4897957532661 37.078997707082
51121107988 T -80.49027900040072 37.07801400240429 511210215001731 H -80.4899543846918 37.077895359145295
51121107989 T -80.4908 37.08114000000001 51121107990 T -80.484736 37.08323600000001
51121107989 T -80.4908 37.08114000000001 511210215001816 H -80.490941206245 37.081197170612604
51121107990 T -80.484736 37.08323600000001 511210215001772 H -80.4832116005601 37.080496052886794
51121108121 T -80.51705519556714 37.077118788839634 511210215001712 H -80.5170878655214 37.0766890603049
51121112244 T -80.50355400000001 37.024182 51121112245 T -80.50332999999998 37.02467333333333
51121112244 T -80.50355400000001 37.024182 51121021500146 H -80.5021178017433 37.023927381506
51121112245 T -80.50332999999998 37.02467333333333 51121021500303 H -80.50362694861441 37.0246447059575
918469858 R -80.50549000000001 37.055690000000006 24864203 R -80.50451 37.05642
918469858 R -80.50549000000001 37.055690000000006 918469859 R -80.50568 37.05581
24864203 R -80.50451 37.05642 51121110283 T -80.50374079473704 37.05778918536806
24864203 R -80.50451 37.05642 51121106914 T -80.50357533333333 37.055652
51121110283 T -80.50374079473704 37.05778918536806 511210215003412 H -80.5041925625577 37.0580890415449
171511251 R -80.5171 37.04749 51121106918 T -80.517374 37.048146
51121108252 T -80.513014 37.08098 51121108253 T -80.51236333333334 37.08184
51121108252 T -80.513014 37.08098 511210215001602 H -80.5131282233685 37.080815920483104
51121108253 T -80.51236333333334 37.08184 51121108254 T -80.51171266666667 37.0827
51121108253 T -80.51236333333334 37.08184 511210215001821 H -80.5130490437435 37.0819571749112
51121108254 T -80.51171266666667 37.0827 51121108255 T -80.510086 37.08485
51121108254 T -80.51171266666667 37.0827 511210215001600 H -80.51157836099071 37.0827379018107
51121108255 T -80.510086 37.08485 511210215001897 H -80.5094075675012 37.084553753983606
51121112420 T -80.50588510504834 37.09680035771728 511210215002432 H -80.50589516017179 37.0969586038989
51121108370 T -80.49034177693167 37.06848626964555 51121108371 T -80.49406421545348 37.069510157164366
51121108370 T -80.49034177693167 37.06848626964555 511210215001534 H -80.49021496960421 37.0687389241617
51121108371 T -80.49406421545348 37.069510157164366 511210215002552 H -80.4951491154579 37.069991464801504
51121108371 T -80.49406421545348 37.069510157164366 511210215001563 H -80.49797809466679 37.0691885470706
51121108389 T -80.51154048833006 37.07228970322371 511210215001635 H -80.5136821064541 37.07368251016121
51121106914 T -80.50357533333333 37.055652 51121106915 T -80.501706 37.054116
51121106914 T -80.50357533333333 37.055652 511210215001412 H -80.5038781743788 37.055225942151
51121106914 T -80.50357533333333 37.055652 511210215001420 H -80.5033261124845 37.0555818866738
51121106918 T -80.517374 37.048146 51121106919 T -80.51847 37.05077
51121106918 T -80.517374 37.048146 511210215001326 H -80.517190769067 37.048063785303896
51121108732 T -80.5093997788224 37.09354279647281 51121108733 T -80.50974350117521 37.09389939603192
51121108732 T -80.5093997788224 37.09354279647281 511210215002012 H -80.5097943741022 37.093519633665
51121108733 T -80.50974350117521 37.09389939603192 511210215003281 H -80.50917192990501 37.094514049478704
51121108807 T -80.50384682934215 37.095029590320685 511210215002063 H -80.5037916653542 37.095213094848795
51121106917 T -80.49983666666667 37.05258 51121106916 T -80.50123866666667 37.053732
51121106917 T -80.49983666666667 37.05258 511210215001333 H -80.50086280871659 37.0518590792532
51121106926 T -80.4884793205462 37.05239031506893 51121106927 T -80.48740553424366 37.05265719178154
51121106926 T -80.4884793205462 37.05239031506893 511210215003228 H -80.4882358667023 37.0522794249706
51121106928 T -80.48525796163858 37.053190945206794 51121106927 T -80.48740553424366 37.05265719178154
51121106928 T -80.48525796163858 37.053190945206794 511210215002710 H -80.4852420099456 37.0536991115896
51121106928 T -80.48525796163858 37.053190945206794 511210215002820 H -80.4850463486253 37.052206365705295
51121106919 T -80.51847 37.05077 51121106920 T -80.519566 37.053394
51121106919 T -80.51847 37.05077 511210215003344 H -80.5170372116187 37.0514989998989
51121106920 T -80.519566 37.053394 51121106921 T -80.51984 37.05405
51121106920 T -80.519566 37.053394 511210215001387 H -80.5192629597694 37.0536099902374
51121106921 T -80.51984 37.05405 51121106922 T -80.520662 37.056018
51121106921 T -80.51984 37.05405 511210215001386 H -80.5209178648406 37.0535160224603
51121106915 T -80.501706 37.054116 51121106916 T -80.50123866666667 37.053732
51121106915 T -80.501706 37.054116 511210215001403 H -80.5019822220663 37.0538957789296
51121106916 T -80.50123866666667 37.053732 511210215002745 H -80.5002390617777 37.054590959983
51121106916 T -80.50123866666667 37.053732 511210215001396 H -80.5002068127798 37.0545570821149
51121106927 T -80.48740553424366 37.05265719178154 511210215001374 H -80.48743095637771 37.0528257502845
51121106922 T -80.520662 37.056018 51121106923 T -80.52093599999998 37.056674
51121106922 T -80.520662 37.056018 511210215001432 H -80.517886182542 37.0564125219183
51121106923 T -80.52093599999998 37.056674 51121021500822 H -80.5190622506055 37.0575305565409
511210215001283 H -80.4953187463581 37.05031321397821 511210215001284 H -80.49430095565829 37.048208072255896
511210215001351 H -80.4942547868375 37.052470567195286 511210215002440 H -80.49417993597869 37.0528634640916
511210215002405 H -80.4938804363912 37.0512810260687 511210215001430 H -80.49409589398141 37.051104934461705
511210215001329 H -80.50984544755809 37.051308574400004 511210215003170 H -80.5096808854099 37.0515688452496
511210215001317 H -80.48916529215529 37.048098580851395 511210215001238 H -80.4889495425461 37.0479275256179
51121021500941 H -80.5000355518154 37.0361644277165 511210215002387 H -80.4998554168077 37.0360948976471
511210215003296 H -80.49882861022671 37.0293447550272 511210215001095 H -80.498398488663 37.028861790516295
511210215001057 H -80.5101121334121 37.0264571972278 511210215001056 H -80.50924449121321 37.026951991396
51121021500144 H -80.5091963169864 37.0240159421434 511210215003236 H -80.50891645194821 37.023645495390795
511210215001429 H -80.5031671818533 37.048189201789796 511210215002418 H -80.5031653916734 37.0479997723677
511210215003305 H -80.5025741925588 37.0488339769148 511210215001287 H -80.50328859378399 37.0492486755454
511210215001310 H -80.500121381059 37.0499910259744 511210215001305 H -80.5018117164859 37.0504077864613
511210215003222 H -80.5028040881373 37.0908780019799 511210215002022 H -80.50266514707371 37.0909163224351
511210215001207 H -80.5194111355121 37.0413623225212 511210215003214 H -80.52306946821959 37.036122145391296
511210215003352 H -80.5248383435504 37.0451804239723 511210215003363 H -80.5251182841286 37.0460482401621
511210215001477 H -80.5248807937503 37.045061038850896 511210215001174 H -80.5249547310381 37.0441100648502
511210215002353 H -80.5209951560612 37.053663876132795 511210215002412 H -80.52144175126641 37.05452873019679
511210215002353 H -80.5209951560612 37.053663876132795 511210215001386 H -80.5209178648406 37.0535160224603
51121021500679 H -80.5054223526713 37.0625793444179 511210215002497 H -80.5060918740193 37.0625472816623
511210215002794 H -80.507499704789 37.0665641505953 51121021500762 H -80.5076915043008 37.0664777261387
51121021500730 H -80.5084100027193 37.0661308340317 511210215002885 H -80.5086055808343 37.066124125535396
511210215002368 H -80.493099348782 37.09074988797771 511210215002003 H -80.4929613086661 37.0907322925677
511210215002003 H -80.4929613086661 37.0907322925677 511210215003013 H -80.4898495988013 37.0901931854301
511210215002369 H -80.45966779285509 37.0841955578658 511210215001871 H -80.4595765952355 37.084165552615
511210215002369 H -80.45966779285509 37.0841955578658 511210215001870 H -80.4598555081331 37.08409027214649
511210215002370 H -80.50427272372559 37.058175372877 511210215003412 H -80.5041925625577 37.0580890415449
511210215002370 H -80.50427272372559 37.058175372877 511210215002980 H -80.50471171790991 37.0580660198749
51121021500592 H -80.5074541581931 37.0588775586462 511210215003076 H -80.50800366173809 37.0591650099281
511210215002377 H -80.49470200473591 37.061419820743204 51121021500629 H -80.4949944063384 37.0609448919
511210215001478 H -80.52075903129492 37.0467922664699 511210215001248 H -80.52048093545359 37.0468624747815
511210215001227 H -80.5218341363002 37.04509467451 511210215001218 H -80.5199605158744 37.0445743579528
511210215002389 H -80.5031351051829 37.0593435818896 51121021500660 H -80.5025339500655 37.061186879256
511210215002399 H -80.5291431351945 37.0740275301876 511210215002977 H -80.52840402104279 37.0736844457245
511210215002977 H -80.52840402104279 37.0736844457245 511210215001604 H -80.5282914425693 37.07371175993371
511210215002038 H -80.4718468997588 37.09278741103879 511210215002035 H -80.471936586154 37.0929551350823
511210215001889 H -80.471417473669 37.08611681301621 511210215003334 H -80.47186000526891 37.0855991734258
511210215001937 H -80.4798596920928 37.089187956331294 511210215002658 H -80.47826289396009 37.0907133659702
511210215002532 H -80.4831265661079 37.088997074664704 511210215001945 H -80.4833248088361 37.088927575187604
511210215002418 H -80.5031653916734 37.0479997723677 511210215001263 H -80.502590217276 37.0480041130132
511210215001441 H -80.47378296411671 37.057290386347496 511210215001440 H -80.4753346267658 37.05586995200471
51121021500889 H -80.5071809666905 37.0344053549977 51121021500888 H -80.5074630241771 37.0347885426936
51121021500887 H -80.5055239534936 37.0349888622104 51121021500890 H -80.50536255294709 37.0353244848637
511210215002432 H -80.50589516017179 37.0969586038989 511210215002615 H -80.5060883769081 37.097095588816295
511210215002434 H -80.52089592219991 37.0755520436046 511210215003174 H -80.52142888548708 37.0748164094035
511210215002434 H -80.52089592219991 37.0755520436046 511210215001693 H -80.5209467252922 37.0756839353514
511210215003174 H -80.52142888548708 37.0748164094035 511210215001616 H -80.5208913714317 37.0741574787574
511210215002444 H -80.4785797204207 37.058117463839004 51121021500849 H -80.4786782457616 37.0578453286057
511210215002444 H -80.4785797204207 37.058117463839004 51121021500698 H -80.47603059954129 37.0641975311797
51121021500891 H -80.50943514939121 37.033605771051995 511210215001137 H -80.5115127471496 37.0332534257368
511210215001928 H -80.4634566474119 37.0884965015433 511210215003113 H -80.466098694635 37.0891567263569
511210215001994 H -80.4684754682763 37.0884378397335 511210215002555 H -80.4685490478449 37.0887057377246
51121021500851 H -80.5029145536299 37.058044279791496 511210215003104 H -80.5027833251306 37.057902559558
511210215002459 H -80.5127110747277 37.0610250981498 511210215001473 H -80.512948811698 37.0611081876338
511210215002459 H -80.5127110747277 37.0610250981498 511210215003076 H -80.50800366173809 37.0591650099281
511210215001473 H -80.512948811698 37.0611081876338 511210215003235 H -80.5132003284792 37.0611031004918
51121021500667 H -80.50059304145259 37.06021239015779 51121021500868 H -80.4990783268574 37.0591161407504
51121021500855 H -80.47931356929759 37.05822817167649 511210215002959 H -80.4794179149186 37.0579775992941
511210215002477 H -80.484471554488 37.0715060633117 51121021500673 H -80.48485460231859 37.07146431951411
51121021500618 H -80.4965123185121 37.0595777718273 511210215003341 H -80.4965745942092 37.059405499208296
51121021500594 H -80.4954758922414 37.0603557941354 51121021500623 H -80.4945226776066 37.0597838176101
511210215002488 H -80.5240946062573 37.0747817700341 511210215003203 H -80.5241337230915 37.0749943895525
51121021500840 H -80.4813490727388 37.0566001413688 511210215002801 H -80.4816569943539 37.0566149923995
511210215002497 H -80.5060918740193 37.0625472816623 511210215001552 H -80.506193367296 37.060427068274
511210215002500 H -80.4957948413572 37.0466062838794 511210215001237 H -80.49572467433359 37.04666641660079
511210215001237 H -80.49572467433359 37.04666641660079 511210215002751 H -80.49562302264529 37.046429401128
511210215003036 H -80.50839987024351 37.0466011789547 511210215001428 H -80.5085890277367 37.0465826986017
511210215002504 H -80.5220779715623 37.073569209041 511210215001615 H -80.52147829193409 37.0734877220124
511210215002504 H -80.5220779715623 37.073569209041 511210215001650 H -80.5220617778045 37.0749383257039
511210215001615 H -80.52147829193409 37.0734877220124 511210215001556 H -80.51942379966941 37.0689501906146
511210215001919 H -80.4849827860426 37.0872013907824 511210215003353 H -80.48456261420421 37.0869526573693
511210215002508 H -80.5221986582035 37.047386991675296 511210215001279 H -80.52098027989409 37.0483315796161
511210215001874 H -80.4944307177508 37.0863636580539 511210215003141 H -80.4943452424753 37.0857846902104
511210215003273 H -80.49681932168549 37.085663450444 511210215001875 H -80.49709769648959 37.08514708291779
511210215001911 H -80.4645824819265 37.0864780185871 511210215002920 H -80.4646607517586 37.0859494595801
511210215001912 H -80.46728227751359 37.0863050901104 511210215001891 H -80.46742424799321 37.0856384781803
511210215002562 H -80.4672309963446 37.0869456741812 511210215001888 H -80.4686706624734 37.0866121845089
511210215002522 H -80.5118416268071 37.0895917364786 511210215001967 H -80.5117324142372 37.0891006935028
511210215001967 H -80.5117324142372 37.0891006935028 511210215003080 H -80.5104703308352 37.0893584675739
511210215002552 H -80.4951491154579 37.069991464801504 511210215002651 H -80.49535931494509 37.0700760157917
511210215002651 H -80.49535931494509 37.0700760157917 511210215001562 H -80.49502356717629 37.070435702112796
511210215003362 H -80.5073136470221 37.0322473384811 511210215001147 H -80.50725340359709 37.0324509739688
511210215002567 H -80.50831964499041 37.0764943191721 511210215001681 H -80.5083847223121 37.076672948798794
511210215001681 H -80.5083847223121 37.076672948798794 511210215001689 H -80.5103097367408 37.0762796490542
511210215002588 H -80.4916727457484 37.0411246377008 511210215002708 H -80.4897886837482 37.0435906662435
511210215002708 H -80.4897886837482 37.0435906662435 511210215001219 H -80.4902261338283 37.0441863485243
511210215002595 H -80.5173601414242 37.0484827869352 511210215003313 H -80.5169288872929 37.0481903474454
511210215003313 H -80.5169288872929 37.0481903474454 511210215001326 H -80.517190769067 37.048063785303896
511210215002604 H -80.48476164246121 37.0847362827624 511210215001896 H -80.4849622594772 37.0849761640736
511210215001896 H -80.4849622594772 37.0849761640736 511210215003279 H -80.4848356218038 37.08501910393971
511210215002606 H -80.4940200522722 37.04289135771771 511210215001016 H -80.49457343005629 37.04317182629021
511210215001016 H -80.49457343005629 37.04317182629021 511210215001014 H -80.49504468785359 37.04378255201321
511210215001969 H -80.5052050222715 37.0908133520644 511210215001971 H -80.50533991981179 37.09071038123621
511210215002611 H -80.5090287671696 37.064653621069 511210215001468 H -80.50969278080379 37.0646794764525
511210215002611 H -80.5090287671696 37.064653621069 511210215002885 H -80.5086055808343 37.066124125535396
511210215001468 H -80.50969278080379 37.0646794764525 511210215001469 H -80.5103331729602 37.0650674258863
511210215002612 H -80.5190631843188 37.03680847061779 51121021500942 H -80.5193298001782 37.0360965088018
51121021500942 H -80.5193298001782 37.0360965088018 51121021500943 H -80.5202147843155 37.03642631275999
511210215001985 H -80.5098301746314 37.0893045430105 511210215003064 H -80.5101340673354 37.0894991159452
51121021500668 H -80.49864161945109 37.0623275050219 51121021500662 H -80.498650358741 37.06366390284379
511210215003244 H -80.4942884409431 37.0650662792547 51121021500669 H -80.4938326609857 37.064625799453
51121021500670 H -80.4933613675069 37.065682009436 511210215003208 H -80.4934228618253 37.065250613166214
511210215002624 H -80.52718423901871 37.076282390075995 511210215001692 H -80.5259504804148 37.0746264742515
511210215002624 H -80.52718423901871 37.076282390075995 511210215001687 H -80.5276466201129 37.0767671271255
511210215001687 H -80.5276466201129 37.0767671271255 511210215003063 H -80.5281727342282 37.0772915941637
51121021500672 H -80.48555550797641 37.07081717732071 511210215001579 H -80.48683144949041 37.070885611106796
511210215001601 H -80.50889181219401 37.0871216929321 511210215001968 H -80.5123092107665 37.0890448603015
511210215002863 H -80.49772013442791 37.0431675825139 511210215003145 H -80.4941696354551 37.0427263491273
511210215002816 H -80.4964219925525 37.0438008029109 511210215001015 H -80.4958559442603 37.043561639657995
511210215002655 H -80.4800694608714 37.0614852977098 51121021500632 H -80.4798070786523 37.0612587775711
51121021500632 H -80.4798070786523 37.0612587775711 51121021500612 H -80.47974540198003 37.060418353909895
511210215002658 H -80.47826289396009 37.0907133659702 511210215002015 H -80.4780369516594 37.090923601094
511210215002015 H -80.4780369516594 37.090923601094 511210215002016 H -80.4774827454694 37.09230686702271
511210215002667 H -80.5076556176572 37.0276514742691 511210215001056 H -80.50924449121321 37.026951991396
511210215002667 H -80.5076556176572 37.0276514742691 511210215001055 H -80.50739360158259 37.0277217506595
511210215002689 H -80.5168805231352 37.0516707714261 511210215001325 H -80.5166214169571 37.051216049088
511210215002689 H -80.5168805231352 37.0516707714261 511210215003344 H -80.5170372116187 37.0514989998989
511210215002706 H -80.5077107899092 37.0233129374313 511210215003236 H -80.50891645194821 37.023645495390795
511210215002706 H -80.5077107899092 37.0233129374313 51121021500143 H -80.5075234121628 37.023492014717895
511210215001219 H -80.4902261338283 37.0441863485243 511210215002988 H -80.4893574930315 37.0442314552892
511210215002710 H -80.4852420099456 37.0536991115896 511210215001397 H -80.48543670370042 37.0539246124124
511210215003326 H -80.51400684941059 37.0762088467584 511210215001706 H -80.5140397506293 37.0760829655907
511210215001706 H -80.5140397506293 37.0760829655907 511210215001707 H -80.5136344980253 37.0756831044901
511210215002718 H -80.4719115100161 37.0934795253831 511210215002036 H -80.4693926294175 37.0945709792064
511210215002718 H -80.4719115100161 37.0934795253831 511210215002948 H -80.4719916447343 37.0932964640955
511210215002948 H -80.4719916447343 37.0932964640955 511210215002035 H -80.471936586154 37.0929551350823
511210215002734 H -80.52545837973699 37.07695965913121 511210215003031 H -80.524753939211 37.0770007260446
511210215002734 H -80.52545837973699 37.07695965913121 511210215001662 H -80.5249097360686 37.07658490296621
511210215003031 H -80.524753939211 37.0770007260446 511210215001688 H -80.5245329569541 37.0774342932495
511210215002745 H -80.5002390617777 37.054590959983 511210215001381 H -80.4996609015868 37.0538650321759
511210215001381 H -80.4996609015868 37.0538650321759 511210215001388 H -80.498392400002 37.053878336217
511210215002749 H -80.51036420178491 37.0757646588309 511210215001689 H -80.5103097367408 37.0762796490542
511210215002749 H -80.51036420178491 37.0757646588309 511210215001634 H -80.5107331582883 37.075383460168794
511210215002778 H -80.4813718108465 37.0593553824649 51121021500583 H -80.48169977201091 37.058964492597795
511210215002778 H -80.4813718108465 37.0593553824649 51121021500582 H -80.4809889238179 37.0593213648106
51121021500583 H -80.48169977201091 37.058964492597795 511210215003117 H -80.48152967765579 37.0588809974375
511210215002784 H -80.5131468184421 37.0718154338885 511210215001554 H -80.5136811257985 37.071771475363
511210215002784 H -80.5131468184421 37.0718154338885 511210215001605 H -80.51104712409209 37.0720975998279
511210215001554 H -80.5136811257985 37.071771475363 511210215001557 H -80.51532850802059 37.0704904783037
511210215002786 H -80.4782753981202 37.054954954654 511210215001440 H -80.4753346267658 37.05586995200471
511210215002786 H -80.4782753981202 37.054954954654 511210215001408 H -80.4784067934841 37.054911903151705
511210215002801 H -80.4816569943539 37.0566149923995 51121021500841 H -80.4821418312777 37.056250282951105
51121021500841 H -80.4821418312777 37.056250282951105 51121021500838 H -80.48342495235141 37.056684130967
511210215001280 H -80.52277908472429 37.049386057999 511210215001278 H -80.5232227919997 37.048639746011794
511210215002806 H -80.52479831423229 37.0463235733414 511210215003363 H -80.5251182841286 37.0460482401621
511210215002806 H -80.52479831423229 37.0463235733414 511210215001259 H -80.5248895357373 37.046583280113396
511210215001259 H -80.5248895357373 37.046583280113396 511210215002858 H -80.52552403992391 37.0466114218155
511210215002808 H -80.4941123969605 37.0427304676101 511210215003145 H -80.4941696354551 37.0427263491273
511210215002808 H -80.4941123969605 37.0427304676101 511210215002923 H -80.49213965346858 37.0408001314273
511210215002923 H -80.49213965346858 37.0408001314273 511210215001017 H -80.49183944014409 37.0408372906901
511210215003369 H -80.5048971609788 37.048095693484996 511210215001274 H -80.5049306696288 37.048532532664
511210215001015 H -80.4958559442603 37.043561639657995 511210215001014 H -80.49504468785359 37.04378255201321
511210215002817 H -80.5187855495778 37.0451661141442 511210215001218 H -80.5199605158744 37.0445743579528
511210215002817 H -80.5187855495778 37.0451661141442 511210215001230 H -80.51879137988641 37.0452691360192
511210215003272 H -80.4899633431333 37.04757740353021 511210215001262 H -80.4901673378886 37.047596626508295
511210215002820 H -80.4850463486253 37.052206365705295 511210215001348 H -80.4854244179633 37.0519447475886
511210215002834 H -80.4990109443588 37.0636358589798 51121021500661 H -80.4994568909169 37.0637015768879
511210215002834 H -80.4990109443588 37.0636358589798 51121021500662 H -80.498650358741 37.06366390284379
511210215001221 H -80.4893345642313 37.04431156375321 511210215002988 H -80.4893574930315 37.0442314552892
511210215002849 H -80.508114038988 37.0911369531173 511210215002021 H -80.5078623598004 37.0913637889289
511210215002021 H -80.5078623598004 37.0913637889289 511210215003101 H -80.507667478828 37.0913487227587
511210215002855 H -80.5206939356063 37.0800372041809 511210215001748 H -80.5210921951158 37.0802621413934
511210215002855 H -80.5206939356063 37.0800372041809 511210215001704 H -80.52195647523659 37.0777820013088
511210215001748 H -80.5210921951158 37.0802621413934 511210215001799 H -80.5201386750757 37.0808840039156
511210215001704 H -80.52195647523659 37.0777820013088 511210215001746 H -80.52087326136999 37.0778707063737
51121021500145 H -80.5056885998739 37.0238816321683 51121021500303 H -80.50362694861441 37.0246447059575
511210215003260 H -80.4795732030978 37.060387526577394 51121021500612 H -80.47974540198003 37.060418353909895
511210215002910 H -80.53068418425421 37.077822939363706 511210215001744 H -80.53351120217991 37.0779517124772
511210215002910 H -80.53068418425421 37.077822939363706 511210215001742 H -80.5303065247484 37.0772277421688
511210215001742 H -80.5303065247484 37.0772277421688 511210215001633 H -80.5282539013119 37.076064652352294
511210215002920 H -80.4646607517586 37.0859494595801 511210215001905 H -80.465287928118 37.085425394953496
511210215002925 H -80.5063910582884 37.0761280319467 511210215001665 H -80.5064818326959 37.0756986990508
511210215001665 H -80.5064818326959 37.0756986990508 511210215001664 H -80.5090806584984 37.075200232189005
511210215002952 H -80.47985470647491 37.057697861756296 511210215002959 H -80.4794179149186 37.0579775992941
511210215002957 H -80.50320942567929 37.0525408923114 511210215003253 H -80.50312817167871 37.0526367674511
511210215002957 H -80.50320942567929 37.0525408923114 511210215003286 H -80.50304050938401 37.052139270677706
511210215003253 H -80.50312817167871 37.0526367674511 511210215001403 H -80.5019822220663 37.0538957789296
511210215003286 H -80.50304050938401 37.052139270677706 511210215001389 H -80.503004372966 37.052141228200895
511210215002964 H -80.4981648375638 37.0688751931466 511210215001563 H -80.49797809466679 37.0691885470706
511210215002972 H -80.49743683548209 37.0851885104414 511210215001873 H -80.49728591402241 37.08484906974421
511210215002972 H -80.49743683548209 37.0851885104414 511210215001875 H -80.49709769648959 37.08514708291779
511210215001873 H -80.49728591402241 37.08484906974421 511210215003384 H -80.4980378921631 37.0846273541458
511210215001009 H -80.51597246424241 37.0420916120519 511210215001010 H -80.51585343788429 37.04210122542771
511210215003007 H -80.51717396060471 37.0802421324924 511210215001792 H -80.5170629856086 37.079812134743904
511210215001792 H -80.5170629856086 37.079812134743904 511210215001793 H -80.516530291496 37.079381822719895
511210215003013 H -80.4898495988013 37.0901931854301 511210215002000 H -80.4897717306503 37.0900493144125
511210215001688 H -80.5245329569541 37.0774342932495 511210215001663 H -80.5236697757543 37.077429782522
511210215001428 H -80.5085890277367 37.0465826986017 511210215001250 H -80.50974343070509 37.0469620940397
511210215003050 H -80.49129376081909 37.0812991264923 511210215001816 H -80.490941206245 37.081197170612604
511210215001006 H -80.5189140957041 37.0427629475626 511210215003094 H -80.5191755622247 37.04279093683321
511210215001011 H -80.5055700740501 37.041863048252 511210215003166 H -80.5056646333258 37.0416358269799
511210215003064 H -80.5101340673354 37.0894991159452 511210215003080 H -80.5104703308352 37.0893584675739
511210215003063 H -80.5281727342282 37.0772915941637 511210215001703 H -80.5283813412702 37.0775044239601
511210215001661 H -80.52856138860659 37.0740720709786 511210215001633 H -80.5282539013119 37.076064652352294
511210215003074 H -80.4926010585679 37.0706252682877 511210215001565 H -80.4926355532653 37.070488409396
511210215003074 H -80.4926010585679 37.0706252682877 511210215001564 H -80.49361510783629 37.070648859643796
511210215001565 H -80.4926355532653 37.070488409396 511210215001535 H -80.49109192483479 37.069814292269896
511210215001800 H -80.51824350532621 37.078958558821796 511210215001798 H -80.51852097743121 37.0792842942392
511210215003086 H -80.5047922372085 37.09526977287421 511210215002062 H -80.504987906341 37.0949852553918
511210215001666 H -80.509633232514 37.07469322275779 511210215001664 H -80.5090806584984 37.075200232189005
511210215003113 H -80.466098694635 37.0891567263569 511210215001944 H -80.4661265754804 37.0892654056518
511210215001944 H -80.4661265754804 37.0892654056518 511210215003270 H -80.4667890977412 37.0893540645566
511210215001070 H -80.4981419251435 37.0310798478686 511210215001108 H -80.4983784015948 37.030208836498
511210215001108 H -80.4983784015948 37.030208836498 511210215001095 H -80.498398488663 37.028861790516295
511210215003141 H -80.4943452424753 37.0857846902104 511210215001877 H -80.4931706556345 37.0857329524564
511210215001731 H -80.4899543846918 37.077895359145295 511210215001770 H -80.48996853548341 37.0769979408444
511210215003170 H -80.5096808854099 37.0515688452496 511210215001331 H -80.5096367079406 37.05134236458271
511210215003173 H -80.50136705833421 37.0954442495104 511210215002073 H -80.5010749790163 37.0955799517611
511210215001137 H -80.5115127471496 37.0332534257368 511210215001139 H -80.5148355256552 37.031808934397795
511210215001139 H -80.5148355256552 37.031808934397795 511210215001138 H -80.5149566363608 37.03169735900861
511210215003201 H -80.4707042460202 37.0843050306058 511210215001894 H -80.472547319623 37.0839450819854
511210215003201 H -80.4707042460202 37.0843050306058 511210215001893 H -80.4708739896148 37.0843094306081
511210215001893 H -80.4708739896148 37.0843094306081 511210215003334 H -80.47186000526891 37.0855991734258
511210215003206 H -80.503133766309 37.049396358747295 511210215001287 H -80.50328859378399 37.0492486755454
511210215003214 H -80.52306946821959 37.036122145391296 51121021500943 H -80.5202147843155 37.03642631275999
511210215002022 H -80.50266514707371 37.0909163224351 511210215002024 H -80.5028290556249 37.0910662177692
511210215001174 H -80.5249547310381 37.0441100648502 511210215001175 H -80.5251923304748 37.0438263709835
511210215001175 H -80.5251923304748 37.0438263709835 511210215001199 H -80.5236237430399 37.044367291278206
511210215003274 H -80.5163968508316 37.0794268526811 511210215001793 H -80.516530291496 37.079381822719895
511210215003228 H -80.4882358667023 37.0522794249706 511210215001352 H -80.4882457082564 37.0513529372762
51121021500669 H -80.4938326609857 37.064625799453 51121021500695 H -80.4917678512439 37.0636954306245
511210215003270 H -80.4667890977412 37.0893540645566 511210215001996 H -80.467173116312 37.09050184933921
511210215003281 H -80.50917192990501 37.094514049478704 511210215002042 H -80.50919183075409 37.094853302672895
511210215002042 H -80.50919183075409 37.094853302672895 511210215003295 H -80.50935697982841 37.0948339155879
511210215003303 H -80.51693672764308 37.0549367420941 511210215001327 H -80.5169370487972 37.0546732287983
511210215003303 H -80.51693672764308 37.0549367420941 511210215001328 H -80.51682221264971 37.05598508514429
511210215001327 H -80.5169370487972 37.0546732287983 511210215001387 H -80.5192629597694 37.0536099902374
51121021500623 H -80.4945226776066 37.0597838176101 51121021500596 H -80.49352083612821 37.0590111806608
51121021500596 H -80.49352083612821 37.0590111806608 511210215003399 H -80.4932203352392 37.0589350439028
511210215003399 H -80.4932203352392 37.0589350439028 51121021500837 H -80.4914051417784 37.0583452778342
51121021500617 H -80.49787008799271 37.059320915981495 51121021500867 H -80.4986326629702 37.0590824094665
51121021500617 H -80.49787008799271 37.059320915981495 511210215003341 H -80.4965745942092 37.059405499208296
511210215001821 H -80.5130490437435 37.0819571749112 511210215001822 H -80.5144724597853 37.0820798901992
511210215001390 H -80.5036103099673 37.053492251303894 511210215001414 H -80.5034308866605 37.05481791797771
511210215001414 H -80.5034308866605 37.05481791797771 511210215001412 H -80.5038781743788 37.055225942151
511210215001432 H -80.517886182542 37.0564125219183 51121021500820 H -80.5168980167347 37.056885342463396
51121021500820 H -80.5168980167347 37.056885342463396 511210215001471 H -80.5160041458665 37.0585152694055
511210215001470 H -80.5161214023198 37.0587094831895 511210215001472 H -80.5155542934256 37.0591027434675
511210215001470 H -80.5161214023198 37.0587094831895 511210215001471 H -80.5160041458665 37.0585152694055
511210215001534 H -80.49021496960421 37.0687389241617 511210215001535 H -80.49109192483479 37.069814292269896
51121021500821 H -80.5181663987349 37.0574637611255 51121021500835 H -80.5187356598728 37.0574028057207
51121021500835 H -80.5187356598728 37.0574028057207 51121021500822 H -80.5190622506055 37.0575305565409
51121021500838 H -80.48342495235141 37.056684130967 51121021500839 H -80.4842037497456 37.056981638797495
511210215001557 H -80.51532850802059 37.0704904783037 511210215001558 H -80.5175601862322 37.0694239159295
511210215001555 H -80.5194711114795 37.0688967224027 511210215001556 H -80.51942379966941 37.0689501906146
511210215002012 H -80.5097943741022 37.093519633665 511210215002043 H -80.5115367334885 37.094605375231296
511210215001891 H -80.46742424799321 37.0856384781803 511210215001892 H -80.4683148381944 37.0853451110173
511210215002016 H -80.4774827454694 37.09230686702271 511210215002039 H -80.4765176108551 37.09189262292021
