1127675923 R -80.36973 37.12869 196987535 R -80.36949 37.12835
1127675923 R -80.36973 37.12869 196987534 R -80.37062 37.129979999999996
196987535 R -80.36949 37.12835 196987500 R -80.36923 37.12697
196987534 R -80.37062 37.129979999999996 851499741 R -80.37095 37.13037
51121100823 T -80.36199168359644 37.126164168359644 915014425 R -80.36255 37.12622
51121100823 T -80.36199168359644 37.126164168359644 51121100824 T -80.36143336719287 37.12610833671929
51121100823 T -80.36199168359644 37.126164168359644 51121020900545 H -80.36215172318249 37.1259713739282
915014425 R -80.36255 37.12622 51121101230 T -80.3631065786616 37.12615396524354
915014425 R -80.36255 37.12622 51121106513 T -80.36199214349837 37.126278721737016
51121100824 T -80.36143336719287 37.12610833671929 51121100825 T -80.35920010157861 37.12588501015786
51121100824 T -80.36143336719287 37.12610833671929 51121020900522 H -80.361380568218 37.1261138815357
51121100824 T -80.36143336719287 37.12610833671929 51121020900541 H -80.36163449471151 37.1259697575034
51121100825 T -80.35920010157861 37.12588501015786 51121100826 T -80.35864178517505 37.1258291785175
51121100825 T -80.35920010157861 37.12588501015786 511210209002191 H -80.35910906089991 37.125933994116394
51121100825 T -80.35920010157861 37.12588501015786 51121020900542 H -80.3592817103286 37.1255365044165
51121100825 T -80.35920010157861 37.12588501015786 51121020900139 H -80.359446923731 37.1244715990236
51121100826 T -80.35864178517505 37.1258291785175 51121100827 T -80.35808346877147 37.12577334687715
51121100826 T -80.35864178517505 37.1258291785175 51121020900544 H -80.3584818865961 37.125624730338394
51121100827 T -80.35808346877147 37.12577334687715 51121100828 T -80.35752515236791 37.125717515236786
51121100827 T -80.35808346877147 37.12577334687715 51121020900540 H -80.3581775259588 37.12556824558671
51121100828 T -80.35752515236791 37.125717515236786 51121020900543 H -80.3573070882845 37.1259205718523
51121100828 T -80.35752515236791 37.125717515236786 51121020900546 H -80.35740317994009 37.1257510140097
51121106989 T -80.37636184682047 37.13499538886817 880294701 R -80.37595999999999 37.134679999999996
51121106989 T -80.37636184682047 37.13499538886817 51121106990 T -80.37676369364094 37.135310777736386
51121106989 T -80.37636184682047 37.13499538886817 51121020800904 H -80.3762492793667 37.1351087491711
51121106989 T -80.37636184682047 37.13499538886817 51121020800456 H -80.3765314287076 37.1348806703999
880294701 R -80.37595999999999 37.134679999999996 51121107354 T -80.37595999999998 37.13468
51121106990 T -80.37676369364094 37.135310777736386 51121020800905 H -80.37681840869809 37.1355530894267
51121106994 T -80.3759528363722 37.135267904736274 880294699 R -80.37552 37.13498
51121106994 T -80.3759528363722 37.135267904736274 51121106995 T -80.37638567274443 37.135555809472535
51121106994 T -80.3759528363722 37.135267904736274 51121020800906 H -80.3759742921105 37.135371957115005
880294699 R -80.37552 37.13498 51121108065 T -80.37489847102465 37.13459308792263
51121106995 T -80.37638567274443 37.135555809472535 51121106996 T -80.37681850911666 37.135843714208825
51121106995 T -80.37638567274443 37.135555809472535 51121020800903 H -80.3764782273603 37.135386229744
51121106995 T -80.37638567274443 37.135555809472535 51121020800523 H -80.37649562713679 37.1356494825651
51121106996 T -80.37681850911666 37.135843714208825 51121020800894 H -80.3768549947485 37.135736964711214
51121106996 T -80.37681850911666 37.135843714208825 51121020800526 H -80.37666247746691 37.1359843052319
917756031 R -80.34768000000001 37.1235 51121100959 T -80.34854466666668 37.123694666666665
917756031 R -80.34768000000001 37.1235 51121101506 T -80.34853487675072 37.12291407323827
917756031 R -80.34768000000001 37.1235 51121106697 T -80.34768000000003 37.1235
51121100959 T -80.34854466666668 37.123694666666665 51121100958 T -80.35027400000001 37.124084
51121100959 T -80.34854466666668 37.123694666666665 51121020900121 H -80.3480426517061 37.12358642387971
51121101506 T -80.34853487675072 37.12291407323827 916269740 R -80.34857 37.122890000000005
51121101506 T -80.34853487675072 37.12291407323827 51121020900122 H -80.34846617616451 37.1231035102175
51121106697 T -80.34768000000003 37.1235 51121106698 T -80.34662398666245 37.12381126319054
51121106697 T -80.34768000000003 37.1235 5112102090082 H -80.3474217737865 37.1231207035534
917756032 R -80.3412 37.125409999999995 51121101282 T -80.33973342209795 37.12474087383218
917756032 R -80.3412 37.125409999999995 51121101402 T -80.34038666666666 37.12556866666665
917756032 R -80.3412 37.125409999999995 51121106700 T -80.3439839533186 37.124589421166895
51121101282 T -80.33973342209795 37.12474087383218 511210209002072 H -80.3396246405515 37.1246191265646
51121101282 T -80.33973342209795 37.12474087383218 51121020900168 H -80.33946243359121 37.1248551123354
51121101282 T -80.33973342209795 37.12474087383218 5112102090064 H -80.3390827565686 37.1225117487604
51121101402 T -80.34038666666666 37.12556866666665 51121101403 T -80.33794666666667 37.126044666666665
51121101402 T -80.34038666666666 37.12556866666665 51121020900169 H -80.3401474395281 37.1253866275728
51121106700 T -80.3439839533186 37.124589421166895 51121106699 T -80.34609597999369 37.123966894785816
51121106700 T -80.3439839533186 37.124589421166895 51121020900474 H -80.3439570128992 37.1244454773379
51121105046 T -80.3761846858244 37.13101253624343 171525045 R -80.37716999999999 37.13211
51121105046 T -80.3761846858244 37.13101253624343 171525044 R -80.37594 37.13074
51121105046 T -80.3761846858244 37.13101253624343 511210209001519 H -80.376492017188 37.13101384756821
51121105046 T -80.3761846858244 37.13101253624343 511210209002185 H -80.3756381490197 37.1312992373164
171525045 R -80.37716999999999 37.13211 51121104732 T -80.37716999999998 37.13211
171525045 R -80.37716999999999 37.13211 51121104810 T -80.37733 37.13285
171525044 R -80.37594 37.13074 51121104734 T -80.37594 37.13074
171525044 R -80.37594 37.13074 51121106188 T -80.37614550960203 37.13032059264893
51121100951 T -80.35978533333333 37.126225333333345 171524941 R -80.36065 37.12642
51121100951 T -80.35978533333333 37.126225333333345 51121100952 T -80.35892066666669 37.12603066666667
51121100951 T -80.35978533333333 37.126225333333345 51121020900826 H -80.3592562457245 37.1264360413059
171524941 R -80.36065 37.12642 51121101711 T -80.36065 37.12642
171524941 R -80.36065 37.12642 51121106515 T -80.36087643049513 37.12639616521104
51121100952 T -80.35892066666669 37.12603066666667 51121100953 T -80.35632666666667 37.12544666666667
51121100952 T -80.35892066666669 37.12603066666667 51121020900825 H -80.3585207002858 37.127099132901
51121100953 T -80.35632666666667 37.12544666666667 51121100954 T -80.355462 37.125252
51121100953 T -80.35632666666667 37.12544666666667 511210209001954 H -80.3565727142278 37.1245267424016
51121105047 T -80.3733320461545 37.133657332441885 864802612 R -80.37331999999999 37.13365
51121105047 T -80.3733320461545 37.133657332441885 171525100 R -80.37378000000001 37.13393
51121105047 T -80.3733320461545 37.133657332441885 511210209001994 H -80.37352195799271 37.133557713616796
864802612 R -80.37331999999999 37.13365 51121104344 T -80.37306 37.1335
171525100 R -80.37378000000001 37.13393 275983185 R -80.37326999999999 37.13413
171525100 R -80.37378000000001 37.13393 24880074 R -80.37401 37.13404
171525100 R -80.37378000000001 37.13393 51121104804 T -80.3741 37.13383
51121105051 T -80.37273 37.13331 196987051 R -80.37273 37.133309999999994
51121105051 T -80.37273 37.13331 864802611 R -80.37306 37.1335
51121105051 T -80.37273 37.13331 511210209001538 H -80.3731012350087 37.1332939084822
196987051 R -80.37273 37.133309999999994 51121104297 T -80.37254751728406 37.13300213038722
196987051 R -80.37273 37.133309999999994 51121104347 T -80.37273 37.13331
864802611 R -80.37306 37.1335 51121104344 T -80.37306 37.1335
51121100954 T -80.355462 37.125252 51121100955 T -80.35459733333334 37.125057333333345
51121100954 T -80.355462 37.125252 51121020900107 H -80.3557209328507 37.1232214375694
51121100954 T -80.355462 37.125252 51121020900175 H -80.355843914212 37.124465698181204
51121100955 T -80.35459733333334 37.125057333333345 51121100956 T -80.35200333333334 37.12447333333333
51121100955 T -80.35459733333334 37.125057333333345 51121020900176 H -80.3549472964397 37.1239304226915
51121100956 T -80.35200333333334 37.12447333333333 51121100957 T -80.35113866666667 37.12427866666667
51121100956 T -80.35200333333334 37.12447333333333 51121020900143 H -80.3524323536286 37.1242534020033
51121100956 T -80.35200333333334 37.12447333333333 51121020900148 H -80.3516678218147 37.124700667576796
51121100956 T -80.35200333333334 37.12447333333333 51121020900147 H -80.351914244882 37.1243164475012
51121100957 T -80.35113866666667 37.12427866666667 51121100958 T -80.35027400000001 37.124084
51121100957 T -80.35113866666667 37.12427866666667 51121020900480 H -80.3503170413779 37.125584581869
51121100958 T -80.35027400000001 37.124084 51121020900150 H -80.3503709833381 37.1224803947355
275114144 R -80.36992 37.126129999999996 335455578 R -80.37001 37.12618
275114144 R -80.36992 37.126129999999996 51121105446 T -80.36893351296527 37.12608989890102
275114144 R -80.36992 37.126129999999996 51121108954 T -80.37028688171722 37.12578842047017
335455578 R -80.37001 37.12618 51121105425 T -80.37045588415262 37.1264547890708
335455578 R -80.37001 37.12618 335455583 R -80.36993000000001 37.126259999999995
51121105446 T -80.36893351296527 37.12608989890102 51121105445 T -80.36837158254164 37.12606705620088
51121105446 T -80.36893351296527 37.12608989890102 51121020900533 H -80.3690884671284 37.1262259973638
51121108954 T -80.37028688171722 37.12578842047017 335455575 R -80.3705 37.12559
51121108954 T -80.37028688171722 37.12578842047017 5112102090081 H -80.3702870640499 37.12569359249761
196987034 R -80.36872 37.131040000000006 51121101715 T -80.36847 37.13095
196987034 R -80.36872 37.131040000000006 51121104351 T -80.36905431579734 37.13122925108728
51121101715 T -80.36847 37.13095 511210209001614 H -80.3683946329708 37.1309852609667
51121101715 T -80.36847 37.13095 511210209001640 H -80.3685377191789 37.1307546016452
51121101715 T -80.36847 37.13095 511210209001288 H -80.3680756057559 37.130582687284004
51121104351 T -80.36905431579734 37.13122925108728 51121104350 T -80.36997323684801 37.13174943831546
51121104351 T -80.36905431579734 37.13122925108728 511210209001250 H -80.36930454224759 37.1308496800448
51121104351 T -80.36905431579734 37.13122925108728 511210209001248 H -80.3691938466462 37.1305069279947
51121104297 T -80.37254751728406 37.13300213038722 51121104296 T -80.37230626440339 37.132595108656005
51121104297 T -80.37254751728406 37.13300213038722 511210209001698 H -80.37261416087509 37.1329771485294
51121104347 T -80.37273 37.13331 51121104348 T -80.37181107894935 37.13278981277182
51121104347 T -80.37273 37.13331 511210209001785 H -80.3726308524688 37.133296687820796
196987053 R -80.37498000000001 37.1337 196987054 R -80.37488 37.133590000000005
196987053 R -80.37498000000001 37.1337 51121104784 T -80.37498000000002 37.1337
196987053 R -80.37498000000001 37.1337 51121107356 T -80.37525660800553 37.13397660800553
196987053 R -80.37498000000001 37.1337 51121108305 T -80.37498000000002 37.1337
196987054 R -80.37488 37.133590000000005 811041851 R -80.37529 37.13345
196987054 R -80.37488 37.133590000000005 811041852 R -80.37471 37.13332
196987054 R -80.37488 37.133590000000005 51121105583 T -80.37488 37.13359000000001
51121104784 T -80.37498000000002 37.1337 24880070 R -80.37455 37.13384
51121104784 T -80.37498000000002 37.1337 511210209001599 H -80.37477430412 37.1337816167265
51121107356 T -80.37525660800553 37.13397660800553 51121107355 T -80.37560830400277 37.13432830400277
51121107356 T -80.37525660800553 37.13397660800553 51121020800457 H -80.37546411556241 37.1340038198542
51121107356 T -80.37525660800553 37.13397660800553 511210209002172 H -80.37502966609559 37.133836130602
51121108305 T -80.37498000000002 37.1337 51121020800455 H -80.37527763451891 37.1336561237654
811041851 R -80.37529 37.13345 51121104208 T -80.3755541793758 37.13337194700261
811041851 R -80.37529 37.13345 51121104738 T -80.37529 37.13345
811041852 R -80.37471 37.13332 51121104763 T -80.37458838952031 37.133156863990656
51121105583 T -80.37488 37.13359000000001 511210209001730 H -80.3747785418564 37.133663842234
51121107120 T -80.37643 37.13969 171525089 R -80.37643 37.13969
51121107120 T -80.37643 37.13969 51121107121 T -80.37658238103195 37.14012369986018
51121107120 T -80.37643 37.13969 51121020800811 H -80.3766494958886 37.139830398931295
171525089 R -80.37643 37.13969 51121107155 T -80.37691366203748 37.13945968474406
51121107121 T -80.37658238103195 37.14012369986018 51121020800825 H -80.37635331151891 37.139951264454496
51121105075 T -80.36316026077019 37.126600239337385 918458214 R -80.36314 37.12615
51121105075 T -80.36316026077019 37.126600239337385 51121105076 T -80.36322104308073 37.12795095734954
51121105075 T -80.36316026077019 37.126600239337385 51121020900977 H -80.3628572651645 37.12671495804671
918458214 R -80.36314 37.12615 51121101230 T -80.3631065786616 37.12615396524354
918458214 R -80.36314 37.12615 51121101334 T -80.36333015708756 37.126127508301465
51121105076 T -80.36322104308073 37.12795095734954 918458215 R -80.36323 37.12815
51121105076 T -80.36322104308073 37.12795095734954 51121020900974 H -80.3632446681351 37.1280844228643
918458215 R -80.36323 37.12815 51121105085 T -80.36323 37.12815
51121107127 T -80.37780821427445 37.14032749702485 171525086 R -80.37789000000001 37.14032
51121107127 T -80.37780821427445 37.14032749702485 51121020800853 H -80.3778658277417 37.1404159268645
51121107127 T -80.37780821427445 37.14032749702485 51121020800856 H -80.3777248100856 37.1402224819182
171525086 R -80.37789000000001 37.14032 51121107185 T -80.37779395665362 37.14005529516732
196987067 R -80.3743 37.13277 51121101540 T -80.37413589041368 37.1323390557428
196987067 R -80.3743 37.13277 51121104333 T -80.3734396220777 37.13218916725101
196987067 R -80.3743 37.13277 51121104762 T -80.3743 37.13277
51121101540 T -80.37413589041368 37.1323390557428 51121101541 T -80.37331534248209 37.13018433445677
51121101540 T -80.37413589041368 37.1323390557428 511210209001618 H -80.3751572862133 37.1321215165953
51121104333 T -80.3734396220777 37.13218916725101 51121104334 T -80.37257924415539 37.131608334502005
51121104333 T -80.3734396220777 37.13218916725101 511210209001654 H -80.3736153267539 37.131981057991396
51121104333 T -80.3734396220777 37.13218916725101 511210209001696 H -80.37299636371941 37.1324551885564
51121104762 T -80.3743 37.13277 51121104763 T -80.37458838952031 37.133156863990656
51121104762 T -80.3743 37.13277 511210209001721 H -80.3744527728157 37.132903769407
51121107132 T -80.37907793535297 37.13977313280653 51121107131 T -80.37959000000002 37.13996
51121107132 T -80.37907793535297 37.13977313280653 51121107133 T -80.37754174141183 37.13921253122611
51121107132 T -80.37907793535297 37.13977313280653 51121020800852 H -80.3790409849445 37.1398188171299
51121107131 T -80.37959000000002 37.13996 171525080 R -80.37959000000001 37.139959999999995
51121107131 T -80.37959000000002 37.13996 51121020800836 H -80.3794023249489 37.1398612994692
51121107133 T -80.37754174141183 37.13921253122611 171525084 R -80.37748 37.13919
51121107133 T -80.37754174141183 37.13921253122611 51121020800828 H -80.3780235335218 37.1388149157435
51121105085 T -80.36323 37.12815 51121020900976 H -80.36332690499509 37.128283398049895
171525084 R -80.37748 37.13919 51121107155 T -80.37691366203748 37.13945968474406
171525084 R -80.37748 37.13919 51121107185 T -80.37779395665362 37.14005529516732
171525084 R -80.37748 37.13919 51121107562 T -80.37728920414949 37.1386721255486
171525080 R -80.37959000000001 37.139959999999995 51121107139 T -80.37959000000002 37.13996
51121107139 T -80.37959000000002 37.13996 51121020800838 H -80.3801079119429 37.140105790953896
51121107139 T -80.37959000000002 37.13996 51121020800889 H -80.3795905445707 37.140485653868
51121107139 T -80.37959000000002 37.13996 51121020800888 H -80.38044530569191 37.1404230914563
51121107155 T -80.37691366203748 37.13945968474406 51121020800826 H -80.377028706089 37.139299412891
51121107178 T -80.37648 37.13841 171525058 R -80.37648 37.13841
51121107178 T -80.37648 37.13841 51121020800810 H -80.37626038160629 37.1386285601253
171525058 R -80.37648 37.13841 51121107189 T -80.37701492495269 37.13827009655085
171525058 R -80.37648 37.13841 51121107202 T -80.37633249559192 37.13802280092879
51121107185 T -80.37779395665362 37.14005529516732 51121020800813 H -80.37788505707209 37.1400866379031
51121107189 T -80.37701492495269 37.13827009655085 171525056 R -80.37713000000001 37.13824
51121107189 T -80.37701492495269 37.13827009655085 51121020800808 H -80.376904528598 37.1382794153125
171525056 R -80.37713000000001 37.13824 51121107562 T -80.37728920414949 37.1386721255486
51121111289 T -80.37733 37.13285 275982943 R -80.37733 37.13285
51121111289 T -80.37733 37.13285 51121111290 T -80.37680128369595 37.13300420892201
51121111289 T -80.37733 37.13285 511210208004 H -80.377253002793 37.1328164010697
275982943 R -80.37733 37.13285 171525046 R -80.3775 37.13279
275982943 R -80.37733 37.13285 51121104810 T -80.37733 37.13285
51121111290 T -80.37680128369595 37.13300420892201 24880052 R -80.37661 37.13306
51121111290 T -80.37680128369595 37.13300420892201 511210208005 H -80.3768372729 37.132925828164794
24880052 R -80.37661 37.13306 51121104206 T -80.37661 37.13306
24880052 R -80.37661 37.13306 51121104798 T -80.37610582051136 37.13326007122565
51121107201 T -80.3760041651973 37.13716093364293 171525053 R -80.37584 37.13673
51121107201 T -80.3760041651973 37.13716093364293 51121107202 T -80.37633249559192 37.13802280092879
51121107201 T -80.3760041651973 37.13716093364293 511210208002737 H -80.376143847742 37.137010425374896
171525053 R -80.37584 37.13673 51121107823 T -80.37584 37.13673
51121107202 T -80.37633249559192 37.13802280092879 51121020800809 H -80.375983782508 37.1382968654245
51121107202 T -80.37633249559192 37.13802280092879 51121020800652 H -80.3763693845561 37.137978441587
338874661 R -80.37087 37.126709999999996 51121101513 T -80.37087 37.12671
338874661 R -80.37087 37.126709999999996 51121101543 T -80.37087 37.12671
338874661 R -80.37087 37.126709999999996 51121105425 T -80.37045588415262 37.1264547890708
51121101513 T -80.37087 37.12671 51121101514 T -80.3712849369436 37.12701428709197
51121101513 T -80.37087 37.12671 511210209001013 H -80.370787298154 37.1270163949097
51121101543 T -80.37087 37.12671 51121101544 T -80.37031711994412 37.12662637108397
51121101543 T -80.37087 37.12671 511210209002179 H -80.3708192512096 37.12679690650671
51121105425 T -80.37045588415262 37.1264547890708 51121020900889 H -80.37066549696159 37.1263727021591
338874662 R -80.36968 37.126529999999995 219464684 R -80.36957 37.12664
338874662 R -80.36968 37.126529999999995 335455583 R -80.36993000000001 37.126259999999995
219464684 R -80.36957 37.12664 51121101521 T -80.36957 37.12664
219464684 R -80.36957 37.12664 880294705 R -80.36950999999999 37.12662
51121107354 T -80.37595999999998 37.13468 51121107355 T -80.37560830400277 37.13432830400277
51121107354 T -80.37595999999998 37.13468 51121020800891 H -80.3758839233593 37.134731787479204
51121107355 T -80.37560830400277 37.13432830400277 51121020800892 H -80.375392173042 37.13447391725561
51121107355 T -80.37560830400277 37.13432830400277 51121020800459 H -80.3756904309956 37.134252879291104
51121107359 T -80.3743 37.13392 24880070 R -80.37455 37.13384
51121107359 T -80.3743 37.13392 842040663 R -80.3743 37.13392
51121107359 T -80.3743 37.13392 51121020800890 H -80.3743882740631 37.1338896251735
842040663 R -80.3743 37.13392 24880074 R -80.37401 37.13404
51121101222 T -80.37022528122662 37.1250254077009 275986949 R -80.37071999999999 37.125240000000005
51121101222 T -80.37022528122662 37.1250254077009 51121101223 T -80.36923584367989 37.12459622310272
51121101222 T -80.37022528122662 37.1250254077009 51121020900181 H -80.37020572840541 37.125127954372
275986949 R -80.37071999999999 37.125240000000005 335455575 R -80.3705 37.12559
275986949 R -80.37071999999999 37.125240000000005 51121106646 T -80.37100533333333 37.12473600000001
51121101223 T -80.36923584367989 37.12459622310272 51121101224 T -80.3687411249065 37.12438163080361
51121101223 T -80.36923584367989 37.12459622310272 51121020900183 H -80.36892140054059 37.124631105324795
51121101223 T -80.36923584367989 37.12459622310272 51121020900182 H -80.3693271258621 37.1244761266925
51121101224 T -80.3687411249065 37.12438163080361 51121101225 T -80.3677516873598 37.123952446205415
51121101224 T -80.3687411249065 37.12438163080361 51121020900174 H -80.3690079425205 37.124151635149396
51121101224 T -80.3687411249065 37.12438163080361 51121020900173 H -80.368969137653 37.1244731310356
51121101225 T -80.3677516873598 37.123952446205415 51121101226 T -80.36725696858643 37.12373785390632
51121101225 T -80.3677516873598 37.123952446205415 51121020900184 H -80.3678798890076 37.1240701333289
51121101226 T -80.36725696858643 37.12373785390632 511210209002163 H -80.36593312618321 37.1242625112885
51121101226 T -80.36725696858643 37.12373785390632 51121020900186 H -80.36714597172791 37.1236556960798
51121101230 T -80.3631065786616 37.12615396524354 51121020900556 H -80.363044454394 37.1259359579488
51121101235 T -80.365 37.12593 243540689 R -80.365 37.12593
51121101235 T -80.365 37.12593 51121101236 T -80.36423264651555 37.12527094237021
51121101235 T -80.365 37.12593 51121020900187 H -80.364990746111 37.125838970626894
243540689 R -80.365 37.12593 51121101332 T -80.36444338569585 37.12599583610049
243540689 R -80.365 37.12593 51121105441 T -80.36612386084721 37.12597568540029
51121101236 T -80.36423264651555 37.12527094237021 51121101237 T -80.36384896977331 37.12494141355531
51121101236 T -80.36423264651555 37.12527094237021 51121020900188 H -80.3640933858194 37.125488305514004
51121101237 T -80.36384896977331 37.12494141355531 51121101238 T -80.36193058606219 37.12329376948083
51121101237 T -80.36384896977331 37.12494141355531 51121020900468 H -80.3640533551656 37.1250431143476
51121101238 T -80.36193058606219 37.12329376948083 51121101239 T -80.3607795558355 37.12230518303614
51121101238 T -80.36193058606219 37.12329376948083 51121020900136 H -80.36127741723159 37.12350658574921
51121101239 T -80.3607795558355 37.12230518303614 51121020900137 H -80.36009571523941 37.1226851165621
51121106646 T -80.37100533333333 37.12473600000001 51121106647 T -80.37129066666667 37.124232000000006
51121106646 T -80.37100533333333 37.12473600000001 5112102090079 H -80.37120394834001 37.124750727080496
51121101332 T -80.36444338569585 37.12599583610049 51121101333 T -80.36388677139172 37.126061672200976
51121101332 T -80.36444338569585 37.12599583610049 511210209001980 H -80.3642196443713 37.125978661563
51121101333 T -80.36388677139172 37.126061672200976 51121101334 T -80.36333015708756 37.126127508301465
51121101333 T -80.36388677139172 37.126061672200976 51121020900526 H -80.3638410327273 37.126001343322
51121101334 T -80.36333015708756 37.126127508301465 51121020900524 H -80.3632252823452 37.1261924921117
51121105431 T -80.3719 37.13469 24880078 R -80.3719 37.13469
51121105431 T -80.3719 37.13469 51121105432 T -80.37290235465032 37.13428027839111
51121105431 T -80.3719 37.13469 511210209001788 H -80.3718476891993 37.1344989668775
24880078 R -80.3719 37.13469 51121105453 T -80.37203000000002 37.13476
24880078 R -80.3719 37.13469 51121108394 T -80.37163000000002 37.13486
51121105432 T -80.37290235465032 37.13428027839111 275983185 R -80.37326999999999 37.13413
51121105432 T -80.37290235465032 37.13428027839111 511210209001474 H -80.3728169514806 37.1343876406044
51121101337 T -80.34791 37.12169 51121101338 T -80.34873275100522 37.122304699026884
51121101337 T -80.34791 37.12169 51121020900385 H -80.34613253215909 37.1200267513554
51121101337 T -80.34791 37.12169 51121020900440 H -80.3447385098217 37.1201109925244
51121101337 T -80.34791 37.12169 51121020900388 H -80.34664915139491 37.1190288077505
51121101338 T -80.34873275100522 37.122304699026884 914985796 R -80.34878 37.12234
51121101338 T -80.34873275100522 37.122304699026884 5112102090043 H -80.3487948844173 37.12200161990479
51121101338 T -80.34873275100522 37.122304699026884 5112102090044 H -80.349112965389 37.122311516048704
914985796 R -80.34878 37.12234 51121108987 T -80.34861549593776 37.12277084397253
51121105439 T -80.37109071328126 37.1349886623136 215652217 R -80.37163000000001 37.134859999999996
51121105439 T -80.37109071328126 37.1349886623136 511210209001477 H -80.3710387962125 37.1350585977537
51121105439 T -80.37109071328126 37.1349886623136 51121020800364 H -80.37115965846421 37.1348999149251
215652217 R -80.37163000000001 37.134859999999996 51121108394 T -80.37163000000002 37.13486
215652217 R -80.37163000000001 37.134859999999996 51121106480 T -80.37163000000002 37.13486
51121105441 T -80.36612386084721 37.12597568540029 51121105442 T -80.36668579127083 37.12599852810044
51121105441 T -80.36612386084721 37.12597568540029 51121020900527 H -80.3660011330866 37.12609287965579
51121105442 T -80.36668579127083 37.12599852810044 51121105443 T -80.36724772169444 37.126021370800586
51121105442 T -80.36668579127083 37.12599852810044 51121020900528 H -80.36694818401041 37.1260059312109
51121105443 T -80.36724772169444 37.126021370800586 51121105444 T -80.36780965211804 37.12604421350073
51121105443 T -80.36724772169444 37.126021370800586 51121020900529 H -80.36740259224379 37.125934801319296
51121105443 T -80.36724772169444 37.126021370800586 51121020900530 H -80.367135152316 37.1260127711492
51121105444 T -80.36780965211804 37.12604421350073 51121105445 T -80.36837158254164 37.12606705620088
51121105444 T -80.36780965211804 37.12604421350073 51121020900886 H -80.3677915891965 37.1263740318719
51121105445 T -80.36837158254164 37.12606705620088 51121020900532 H -80.3685267547319 37.126119009966395
51121105453 T -80.37203000000002 37.13476 24880077 R -80.37203000000001 37.13476
51121105453 T -80.37203000000002 37.13476 511210209001475 H -80.37198424834291 37.134701447654
24880077 R -80.37203000000001 37.13476 51121107912 T -80.37289796569806 37.136902790317066
24880077 R -80.37203000000001 37.13476 51121108320 T -80.37203000000002 37.13476
851472974 R -80.37512 37.130109999999995 51121101535 T -80.37461360019991 37.12972252742569
851472974 R -80.37512 37.130109999999995 51121104734 T -80.37594 37.13074
851472974 R -80.37512 37.130109999999995 51121106336 T -80.37534746635576 37.12969792326852
51121101535 T -80.37461360019991 37.12972252742569 51121101534 T -80.3738 37.1291
51121101535 T -80.37461360019991 37.12972252742569 511210209001514 H -80.3745298719461 37.12954920548479
51121104734 T -80.37594 37.13074 511210209001517 H -80.3758475676054 37.1305204965879
51121104734 T -80.37594 37.13074 511210209001520 H -80.3757890567333 37.130715836434
51121106336 T -80.37534746635576 37.12969792326852 851472976 R -80.37581 37.128859999999996
51121106336 T -80.37534746635576 37.12969792326852 511210209001167 H -80.3754491849649 37.1298131388231
851472976 R -80.37581 37.128859999999996 51121101579 T -80.37482655516543 37.12842199515771
851472976 R -80.37581 37.128859999999996 51121106332 T -80.37610413349928 37.12870818916166
51121101579 T -80.37482655516543 37.12842199515771 511210209001102 H -80.3746641378321 37.12827144144389
51121101579 T -80.37482655516543 37.12842199515771 511210209001097 H -80.37443587542221 37.1279018009753
51121101579 T -80.37482655516543 37.12842199515771 511210209001103 H -80.3748038346056 37.128740567044794
51121101579 T -80.37482655516543 37.12842199515771 511210209001098 H -80.3744578214713 37.127906628498295
51121101579 T -80.37482655516543 37.12842199515771 511210209001123 H -80.37377783431371 37.12721532836071
51121101579 T -80.37482655516543 37.12842199515771 511210209002181 H -80.3743432119162 37.1281496518655
51121106332 T -80.37610413349928 37.12870818916166 511210209001165 H -80.376182177476 37.128645309977
51121101403 T -80.33794666666667 37.126044666666665 51121101404 T -80.33550666666666 37.12652066666666
51121101403 T -80.33794666666667 37.126044666666665 51121020900518 H -80.33811626730709 37.1260483245603
51121101404 T -80.33550666666666 37.12652066666666 51121101405 T -80.33469333333333 37.126679333333335
51121101404 T -80.33550666666666 37.12652066666666 51121020900814 H -80.3354324251717 37.126498662315
51121101404 T -80.33550666666666 37.12652066666666 51121020900816 H -80.3355699265506 37.1266247128177
51121101405 T -80.33469333333333 37.126679333333335 51121101406 T -80.33225333333333 37.12715533333333
51121101405 T -80.33469333333333 37.126679333333335 511210209002026 H -80.33473516380471 37.1267661174821
51121101406 T -80.33225333333333 37.12715533333333 51121101407 T -80.33144 37.12731400000001
51121101406 T -80.33225333333333 37.12715533333333 51121020900812 H -80.3324446515419 37.1273383528294
51121101407 T -80.33144 37.12731400000001 51121101408 T -80.32981333333333 37.12763133333335
51121101407 T -80.33144 37.12731400000001 511210209001004 H -80.33150213935491 37.1276906204728
171525046 R -80.3775 37.13279 51121104718 T -80.3780544650813 37.1327131909844
51121104810 T -80.37733 37.13285 511210209001595 H -80.3773342516343 37.13270172964921
51121101408 T -80.32981333333333 37.12763133333335 511210209001978 H -80.3287614439522 37.1274435673815
51121101408 T -80.32981333333333 37.12763133333335 511210209002043 H -80.3294997032226 37.1278585654839
51121101408 T -80.32981333333333 37.12763133333335 511210209001049 H -80.3250602476751 37.127028668006396
51121101408 T -80.32981333333333 37.12763133333335 51121020900931 H -80.3268930370674 37.1263112010966
51121107562 T -80.37728920414949 37.1386721255486 51121020800796 H -80.3776697924043 37.1386688733216
196987500 R -80.36923 37.12697 51121101625 T -80.36943000000002 37.1266
51121101625 T -80.36943000000002 37.1266 219464685 R -80.36943000000001 37.1266
51121101625 T -80.36943000000002 37.1266 511210209001119 H -80.36916274860971 37.1268700604313
51121101625 T -80.36943000000002 37.1266 51121020900982 H -80.3692375789373 37.127103101061294
51121101625 T -80.36943000000002 37.1266 511210209001122 H -80.36802461746221 37.127455819857104
51121101625 T -80.36943000000002 37.1266 511210209001078 H -80.3679999302048 37.1284139083065
51121101625 T -80.36943000000002 37.1266 51121020900985 H -80.36909339526959 37.1270068968318
51121101625 T -80.36943000000002 37.1266 511210209001126 H -80.3690730976644 37.127154720004
51121101422 T -80.3776539650644 37.12233876280536 976097045 R -80.3771 37.12226
51121101422 T -80.3776539650644 37.12233876280536 51121101423 T -80.37820793012881 37.12241752561073
51121101422 T -80.3776539650644 37.12233876280536 51121020900152 H -80.37753876854609 37.1220882825487
976097045 R -80.3771 37.12226 51121101503 T -80.37669210643514 37.12309978086883
976097045 R -80.3771 37.12226 51121106666 T -80.3769993007167 37.12181674333335
51121101423 T -80.37820793012881 37.12241752561073 51121101424 T -80.37876189519325 37.1224962884161
51121101423 T -80.37820793012881 37.12241752561073 51121020900154 H -80.3779426652227 37.122662532523705
51121101424 T -80.37876189519325 37.1224962884161 51121101425 T -80.38319361570856 37.12312639085904
51121101424 T -80.37876189519325 37.1224962884161 51121020900156 H -80.378807192745 37.1228275630132
51121101425 T -80.38319361570856 37.12312639085904 976097046 R -80.38343 37.12316
51121101425 T -80.38319361570856 37.12312639085904 51121020900159 H -80.3836669106094 37.1230700073133
51121101425 T -80.38319361570856 37.12312639085904 51121020900162 H -80.38303289790821 37.1238182946913
976097046 R -80.38343 37.12316 28231 S -80.38395996 37.12252838
851499741 R -80.37095 37.13037 221993646 R -80.3711 37.130559999999996
171524780 R -80.37684 37.12897 51121105682 T -80.3768909868164 37.12901572366117
171524780 R -80.37684 37.12897 51121105762 T -80.37684 37.12897
171524780 R -80.37684 37.12897 51121106187 T -80.37661932547744 37.12938443751799
51121105682 T -80.3768909868164 37.12901572366117 51121105681 T -80.37764049340821 37.129687861830575
51121105682 T -80.3768909868164 37.12901572366117 511210209001221 H -80.37694624042 37.1291387743817
51121105762 T -80.37684 37.12897 51121105763 T -80.37696309316506 37.12853038155333
51121105762 T -80.37684 37.12897 511210209001219 H -80.37689489994459 37.128818535296396
51121106187 T -80.37661932547744 37.12938443751799 171525043 R -80.37643 37.129740000000005
51121106187 T -80.37661932547744 37.12938443751799 511210209001134 H -80.3761687097522 37.1292807100711
916269740 R -80.34857 37.122890000000005 51121108987 T -80.34861549593776 37.12277084397253
51121108987 T -80.34861549593776 37.12277084397253 5112102090042 H -80.3490063612425 37.1228006221111
221993646 R -80.3711 37.130559999999996 51121104292 T -80.3711 37.13056
51121104292 T -80.3711 37.13056 51121104293 T -80.37158250576135 37.1313740434624
51121104292 T -80.3711 37.13056 511210209001540 H -80.3710640529351 37.1303524644135
51121104292 T -80.3711 37.13056 511210209001559 H -80.3709811746126 37.130618167185
51121104292 T -80.3711 37.13056 511210209001560 H -80.3706391313884 37.130323986716
51121104292 T -80.3711 37.13056 511210209001200 H -80.37015789004592 37.1291559414676
51121101503 T -80.37669210643514 37.12309978086883 511210209001961 H -80.3766640758195 37.123254045224
51121101503 T -80.37669210643514 37.12309978086883 51121020900126 H -80.3762799212592 37.1234768372424
51121101514 T -80.3712849369436 37.12701428709197 511210209001017 H -80.37144308215791 37.1280047672357
51121101514 T -80.3712849369436 37.12701428709197 511210209001124 H -80.3724101662388 37.1270750821611
51121101514 T -80.3712849369436 37.12701428709197 511210209001007 H -80.3714309725307 37.128216268531396
51121105612 T -80.37786667642003 37.13019445886757 171525034 R -80.37839 37.130359999999996
51121105612 T -80.37786667642003 37.13019445886757 511210209001243 H -80.3777832304555 37.130132399524605
171525034 R -80.37839 37.130359999999996 51121105679 T -80.37839 37.13036
51121101521 T -80.36957 37.12664 511210209002046 H -80.3697239250966 37.1280372049094
51121101521 T -80.36957 37.12664 51121020900989 H -80.3695328651768 37.1268152740073
243540693 R -80.37598 37.117329999999995 51121100083 T -80.37578173707197 37.116443034269345
243540693 R -80.37598 37.117329999999995 51121106645 T -80.37516 37.11762
243540693 R -80.37598 37.117329999999995 51121106669 T -80.37619370645035 37.118270690000145
51121100083 T -80.37578173707197 37.116443034269345 51121020900365 H -80.3797943387101 37.1160296229665
51121100083 T -80.37578173707197 37.116443034269345 51121020900409 H -80.3754562009246 37.1164720370802
51121106645 T -80.37516 37.11762 976097048 R -80.37516 37.11762
51121106645 T -80.37516 37.11762 51121020900463 H -80.3752459506319 37.1177604130975
51121106669 T -80.37619370645035 37.118270690000145 51121106668 T -80.37639510501694 37.11915720333345
51121106669 T -80.37619370645035 37.118270690000145 511210209002069 H -80.37633841399558 37.1182063947102
243540698 R -80.375 37.11768 976097048 R -80.37516 37.11762
243540698 R -80.375 37.11768 51121106654 T -80.37471466666666 37.118184
976097048 R -80.37516 37.11762 51121100118 T -80.37499456200743 37.11702824102658
51121106654 T -80.37471466666666 37.118184 51121106653 T -80.374144 37.119192
51121106654 T -80.37471466666666 37.118184 511210209002062 H -80.373763661516 37.1175129668661
51121101534 T -80.3738 37.1291 511210209001515 H -80.373659683072 37.1289121582658
51121101534 T -80.3738 37.1291 511210209001516 H -80.3740692208559 37.129047130345
51121101534 T -80.3738 37.1291 511210209001093 H -80.3733653069529 37.1288959302035
51121101541 T -80.37331534248209 37.13018433445677 51121101542 T -80.37315123289576 37.12975339019956
51121101541 T -80.37331534248209 37.13018433445677 511210209001525 H -80.3728644306926 37.1304163921291
51121101542 T -80.37315123289576 37.12975339019956 511210209001527 H -80.37299242607541 37.1298433142887
51121101542 T -80.37315123289576 37.12975339019956 511210209001529 H -80.37273653064409 37.12932209158871
51121101542 T -80.37315123289576 37.12975339019956 511210209001092 H -80.3733227959119 37.1292409486584
51121101542 T -80.37315123289576 37.12975339019956 511210209001215 H -80.37292875826 37.1295746858319
51121101542 T -80.37315123289576 37.12975339019956 511210209001281 H -80.372661161498 37.1299596610529
51121101544 T -80.37031711994412 37.12662637108397 51121020900933 H -80.3703355295527 37.1268532606695
51121101544 T -80.37031711994412 37.12662637108397 51121020900934 H -80.37012691467609 37.126502059835
51121105679 T -80.37839 37.13036 51121105680 T -80.3780152467041 37.130023930915286
51121105679 T -80.37839 37.13036 511210209001245 H -80.37828205587209 37.13018250600121
51121105680 T -80.3780152467041 37.130023930915286 51121105681 T -80.37764049340821 37.129687861830575
51121105680 T -80.3780152467041 37.130023930915286 511210209001223 H -80.3780922973485 37.1301809706576
51121105680 T -80.3780152467041 37.130023930915286 511210209001244 H -80.3778495168025 37.1299579494992
51121105681 T -80.37764049340821 37.129687861830575 511210209001222 H -80.3778254979158 37.129399238151706
51121106513 T -80.36199214349837 37.126278721737016 51121106514 T -80.36143428699674 37.12633744347403
51121106513 T -80.36199214349837 37.126278721737016 51121020900523 H -80.362249373709 37.126234245686796
51121108065 T -80.37489847102465 37.13459308792263 51121108064 T -80.37401 37.13404
51121108065 T -80.37489847102465 37.13459308792263 51121020800524 H -80.3749791538733 37.1348237479242
51121108065 T -80.37489847102465 37.13459308792263 51121020800438 H -80.3748998410283 37.1344457784398
880294705 R -80.36950999999999 37.12662 219464685 R -80.36943000000001 37.1266
51121107770 T -80.37477917191484 37.136647035816935 171525107 R -80.37428 37.13668
51121107770 T -80.37477917191484 37.136647035816935 171525055 R -80.37534000000001 37.13661
51121107770 T -80.37477917191484 37.136647035816935 51121020800629 H -80.37489210675079 37.1365277320141
51121107770 T -80.37477917191484 37.136647035816935 51121020800682 H -80.37449492822479 37.1368395778293
171525107 R -80.37428 37.13668 51121107820 T -80.37402178222952 37.13677007596645
171525107 R -80.37428 37.13668 51121107975 T -80.3741279555319 37.136246226076324
171525055 R -80.37534000000001 37.13661 51121107823 T -80.37584 37.13673
171525055 R -80.37534000000001 37.13661 51121107981 T -80.37520672875725 37.13621494595897
51121101711 T -80.36065 37.12642 51121101712 T -80.36044406616395 37.12821456628539
51121101711 T -80.36065 37.12642 51121020900520 H -80.3607716050017 37.126591427427705
51121106515 T -80.36087643049513 37.12639616521104 51121106514 T -80.36143428699674 37.12633744347403
51121106515 T -80.36087643049513 37.12639616521104 51121020900521 H -80.360915643729 37.1263385388527
275983184 R -80.37335 37.13428 51121106489 T -80.37335 37.13428
275983184 R -80.37335 37.13428 51121108321 T -80.37305469642878 37.134387383116795
51121106489 T -80.37335 37.13428 51121106490 T -80.37386234620753 37.13409369228817
51121106489 T -80.37335 37.13428 511210208002941 H -80.37343754999591 37.13428040287671
51121108321 T -80.37305469642878 37.134387383116795 51121020800361 H -80.37298126939791 37.1344606843236
171524948 R -80.36036999999999 37.128859999999996 51121101713 T -80.36039258270496 37.12866320785674
171524948 R -80.36036999999999 37.128859999999996 51121101762 T -80.36039435334845 37.128889736720225
51121101713 T -80.36039258270496 37.12866320785674 51121101712 T -80.36044406616395 37.12821456628539
51121101713 T -80.36039258270496 37.12866320785674 511210209001073 H -80.36020305170291 37.1288118075679
51121101713 T -80.36039258270496 37.12866320785674 511210209001072 H -80.36059365434551 37.128543625413606
51121101762 T -80.36039435334845 37.128889736720225 511210209001070 H -80.36113561102209 37.128761949669396
51121105763 T -80.37696309316506 37.12853038155333 511210209001133 H -80.3769345759559 37.1285318016517
51121107818 T -80.37299 37.13713 171525110 R -80.37299 37.13713
51121107818 T -80.37299 37.13713 51121107819 T -80.37350589111477 37.13695003798322
51121107818 T -80.37299 37.13713 51121020800628 H -80.37313776251649 37.1372988138146
171525110 R -80.37299 37.13713 51121107910 T -80.37255077941884 37.13604567419024
51121107819 T -80.37350589111477 37.13695003798322 51121107820 T -80.37402178222952 37.13677007596645
51121107819 T -80.37350589111477 37.13695003798322 511210208002734 H -80.37375191827809 37.1370136725101
51121107820 T -80.37402178222952 37.13677007596645 511210208002762 H -80.374144239586 37.13691862166729
51121107823 T -80.37584 37.13673 51121020800630 H -80.37574722996109 37.1365286827101
51121107839 T -80.37556959844017 37.135971099415045 171525106 R -80.37505999999999 37.13578
51121107839 T -80.37556959844017 37.135971099415045 51121107840 T -80.37658879532047 37.136353298245176
51121107839 T -80.37556959844017 37.135971099415045 51121020800560 H -80.37543837388591 37.1360748016747
171525106 R -80.37505999999999 37.13578 51121107981 T -80.37520672875725 37.13621494595897
51121107840 T -80.37658879532047 37.136353298245176 51121020800621 H -80.3764988655258 37.136727027026296
51121101712 T -80.36044406616395 37.12821456628539 511210209001066 H -80.3603143171542 37.1282290252895
171525043 R -80.37643 37.129740000000005 51121106188 T -80.37614550960203 37.13032059264893
51121106188 T -80.37614550960203 37.13032059264893 511210209001136 H -80.3760498728723 37.1301954872274
51121106188 T -80.37614550960203 37.13032059264893 511210209001135 H -80.3765524277217 37.1305209794625
51121104206 T -80.37661 37.13306 51121104207 T -80.37608208968791 37.13321597350131
51121104206 T -80.37661 37.13306 511210209002091 H -80.3764095163631 37.133063017154996
51121104798 T -80.37610582051136 37.13326007122565 511210209001597 H -80.37615667561509 37.1332609486355
51121104732 T -80.37716999999998 37.13211 51121104733 T -80.3777153991262 37.13199914651906
51121104732 T -80.37716999999998 37.13211 511210209001625 H -80.377474695251 37.1321767540392
51121104718 T -80.3780544650813 37.1327131909844 511210209001593 H -80.3782823855141 37.1327443256272
51121104718 T -80.3780544650813 37.1327131909844 5112102080043 H -80.37778071389042 37.1327252300746
51121107981 T -80.37520672875725 37.13621494595897 51121020800553 H -80.37517730137421 37.136231351004795
51121107911 T -80.37272437255845 37.13647423225365 51121107910 T -80.37255077941884 37.13604567419024
51121107911 T -80.37272437255845 37.13647423225365 51121107912 T -80.37289796569806 37.136902790317066
51121107911 T -80.37272437255845 37.13647423225365 51121020800555 H -80.37268607833009 37.1363560065411
51121107910 T -80.37255077941884 37.13604567419024 51121020800554 H -80.3722528431544 37.1361550855746
51121107912 T -80.37289796569806 37.136902790317066 51121020800556 H -80.3730529875832 37.136794106268894
24880074 R -80.37401 37.13404 51121106490 T -80.37386234620753 37.13409369228817
24880074 R -80.37401 37.13404 51121108064 T -80.37401 37.13404
51121106490 T -80.37386234620753 37.13409369228817 511210209001473 H -80.37360102538659 37.1341223270595
51121108064 T -80.37401 37.13404 51121020800409 H -80.3741819982954 37.1341759608596
51121108320 T -80.37203000000002 37.13476 511210209002055 H -80.3720500357887 37.134692856056105
51121108394 T -80.37163000000002 37.13486 51121020800363 H -80.37174406724421 37.134649641477
51121104804 T -80.3741 37.13383 842040662 R -80.3741 37.133829999999996
51121104804 T -80.3741 37.13383 511210209001553 H -80.37393788983621 37.1339108079334
51121104804 T -80.3741 37.13383 511210209002073 H -80.3738875112687 37.1336776666613
51121107975 T -80.3741279555319 37.136246226076324 51121107976 T -80.37397591106381 37.135812452152635
51121107975 T -80.3741279555319 37.136246226076324 51121020800534 H -80.37381013960591 37.136145734392294
51121107975 T -80.3741279555319 37.136246226076324 51121020800532 H -80.3741041089488 37.1360356436806
51121107976 T -80.37397591106381 37.135812452152635 51121107977 T -80.37367182212763 37.13494490430529
51121107976 T -80.37397591106381 37.135812452152635 511210208002838 H -80.3740338912186 37.1357260827559
51121107977 T -80.37367182212763 37.13494490430529 51121020800533 H -80.3735248066622 37.134903400853
51121104208 T -80.3755541793758 37.13337194700261 51121104207 T -80.37608208968791 37.13321597350131
51121104208 T -80.3755541793758 37.13337194700261 511210209001598 H -80.3754404825138 37.13345302519671
51121104738 T -80.37529 37.13345 511210209001729 H -80.3752433412708 37.133305569706
51121104763 T -80.37458838952031 37.133156863990656 511210209001617 H -80.3744883303254 37.1331279796761
51121104207 T -80.37608208968791 37.13321597350131 511210208002883 H -80.3759955904565 37.1331481510829
51121100115 T -80.37438 37.11483 51121100116 T -80.37462582480298 37.115709296410635
51121100115 T -80.37438 37.11483 51121020900371 H -80.37429814076559 37.115064366858896
51121100115 T -80.37438 37.11483 51121020900352 H -80.374602177239 37.1145643178364
51121100116 T -80.37462582480298 37.115709296410635 51121100117 T -80.37474873720446 37.11614894461596
51121100116 T -80.37462582480298 37.115709296410635 51121020900411 H -80.37468825626759 37.115618602254
51121100117 T -80.37474873720446 37.11614894461596 51121100118 T -80.37499456200743 37.11702824102658
51121100117 T -80.37474873720446 37.11614894461596 51121020900376 H -80.3740515244803 37.116284809959396
51121100117 T -80.37474873720446 37.11614894461596 51121020900408 H -80.3751599732915 37.116075214334
51121100118 T -80.37499456200743 37.11702824102658 51121020900432 H -80.3737478847771 37.1171706579922
842040662 R -80.3741 37.133829999999996 51121106487 T -80.3741 37.13383
51121106487 T -80.3741 37.13383 511210209001472 H -80.3741473718852 37.133707693399
51121104293 T -80.37158250576135 37.1313740434624 51121104294 T -80.37182375864204 37.13178106519361
51121104293 T -80.37158250576135 37.1313740434624 511210209001569 H -80.37138150648029 37.131335408418
51121104293 T -80.37158250576135 37.1313740434624 511210209001570 H -80.3714456040352 37.131437746937706
51121104294 T -80.37182375864204 37.13178106519361 51121104295 T -80.37206501152271 37.13218808692481
51121104294 T -80.37182375864204 37.13178106519361 511210209001555 H -80.37171074938891 37.13163553672021
51121104294 T -80.37182375864204 37.13178106519361 511210209001568 H -80.3715435911392 37.13171628467
51121104295 T -80.37206501152271 37.13218808692481 51121104296 T -80.37230626440339 37.132595108656005
51121104295 T -80.37206501152271 37.13218808692481 511210209001707 H -80.3718373412396 37.132226132451294
51121104296 T -80.37230626440339 37.132595108656005 511210209001534 H -80.3724593491573 37.1327615905581
51121104296 T -80.37230626440339 37.132595108656005 511210209001962 H -80.37240683711791 37.1323538979575
51121104296 T -80.37230626440339 37.132595108656005 511210209001974 H -80.3722689367614 37.132691377747896
51121104334 T -80.37257924415539 37.131608334502005 51121104335 T -80.37214905519423 37.13131791812751
51121104334 T -80.37257924415539 37.131608334502005 511210209001565 H -80.3723498484954 37.1318504727487
51121104334 T -80.37257924415539 37.131608334502005 511210209001695 H -80.37254819175709 37.1318679741033
51121104334 T -80.37257924415539 37.131608334502005 511210209001280 H -80.3724324755666 37.13157775090271
51121104335 T -80.37214905519423 37.13131791812751 51121104336 T -80.37171886623308 37.131027501753
51121104335 T -80.37214905519423 37.13131791812751 511210209001556 H -80.37197608889159 37.1314127191547
51121104335 T -80.37214905519423 37.13131791812751 511210209001959 H -80.3719788003735 37.1314995633678
51121104336 T -80.37171886623308 37.131027501753 511210209001554 H -80.3718285787045 37.1311339614319
51121104344 T -80.37306 37.1335 511210209001784 H -80.373252538784 37.1334499019581
51121104348 T -80.37181107894935 37.13278981277182 51121104349 T -80.37089215789868 37.13226962554364
51121104348 T -80.37181107894935 37.13278981277182 511210209001635 H -80.3717799791596 37.1329037539542
51121104348 T -80.37181107894935 37.13278981277182 511210209001636 H -80.371622682845 37.1326740916329
51121104349 T -80.37089215789868 37.13226962554364 51121104350 T -80.36997323684801 37.13174943831546
51121104349 T -80.37089215789868 37.13226962554364 511210209001634 H -80.37076250585409 37.132129667866394
51121104349 T -80.37089215789868 37.13226962554364 511210209001652 H -80.3708428837945 37.1323316552561
51121104350 T -80.36997323684801 37.13174943831546 511210209001632 H -80.3696574051713 37.1319842269896
51121104350 T -80.36997323684801 37.13174943831546 511210209001637 H -80.370139672494 37.131497289743706
51121106480 T -80.37163000000002 37.13486 511210209001476 H -80.3716840561227 37.134916258801
51121106514 T -80.36143428699674 37.12633744347403 51121020900547 H -80.3614517471915 37.1262532724892
51121106647 T -80.37129066666667 37.124232000000006 51121106648 T -80.37157599999998 37.12372800000001
51121106647 T -80.37129066666667 37.124232000000006 5112102090072 H -80.3713261931996 37.1244009427372
51121106648 T -80.37157599999998 37.12372800000001 51121106649 T -80.37186133333333 37.123224
51121106648 T -80.37157599999998 37.12372800000001 5112102090069 H -80.3719780324767 37.1235978692035
51121106649 T -80.37186133333333 37.123224 51121106650 T -80.37214666666667 37.12272
51121106649 T -80.37186133333333 37.123224 5112102090073 H -80.3716239399827 37.123242077239105
51121106650 T -80.37214666666667 37.12272 51121106651 T -80.37243199999998 37.122215999999995
51121106650 T -80.37214666666667 37.12272 5112102090076 H -80.3723309707385 37.1227770013191
51121106651 T -80.37243199999998 37.122215999999995 51121106652 T -80.37300266666666 37.121208
51121106651 T -80.37243199999998 37.122215999999995 5112102090070 H -80.3726008330921 37.1223225713337
51121106652 T -80.37300266666666 37.121208 51121106653 T -80.374144 37.119192
51121106652 T -80.37300266666666 37.121208 5112102090075 H -80.3729308821423 37.121346104605706
51121106653 T -80.374144 37.119192 511210209002167 H -80.3734754060401 37.1188581098772
51121106653 T -80.374144 37.119192 5112102090077 H -80.3730840174327 37.11889375112
51121106666 T -80.3769993007167 37.12181674333335 51121106667 T -80.37689860143341 37.121373486666705
51121106666 T -80.3769993007167 37.12181674333335 51121020900446 H -80.37734119388259 37.121835393464714
51121106667 T -80.37689860143341 37.121373486666705 51121106668 T -80.37639510501694 37.11915720333345
51121106667 T -80.37689860143341 37.121373486666705 51121020900453 H -80.3772189149309 37.121205988209894
51121106668 T -80.37639510501694 37.11915720333345 51121020900449 H -80.376840952137 37.1191380507776
51121106698 T -80.34662398666245 37.12381126319054 51121106699 T -80.34609597999369 37.123966894785816
51121106698 T -80.34662398666245 37.12381126319054 51121020900479 H -80.346835096748 37.1237397351754
51121106699 T -80.34609597999369 37.123966894785816 51121020900476 H -80.3457241224426 37.12379296211439
51121104733 T -80.3777153991262 37.13199914651906 511210209001521 H -80.3774666316957 37.1318822689212
511210209001475 H -80.37198424834291 37.134701447654 511210209001787 H -80.37194638981791 37.1346960649568
511210209001102 H -80.3746641378321 37.12827144144389 511210209001100 H -80.3748543051273 37.1275376894485
511210209001097 H -80.37443587542221 37.1279018009753 511210209001011 H -80.37406078205309 37.127354941543004
511210209001103 H -80.3748038346056 37.128740567044794 511210209001095 H -80.3739068861 37.1283176660181
51121020900545 H -80.36215172318249 37.1259713739282 51121020900212 H -80.3623002866301 37.1252815829169
51121020900542 H -80.3592817103286 37.1255365044165 51121020900206 H -80.3589670531295 37.1249789219396
51121020900139 H -80.359446923731 37.1244715990236 511210209002156 H -80.3590616946399 37.1240581907711
51121020900540 H -80.3581775259588 37.12556824558671 51121020900211 H -80.3581674240872 37.1248717099813
51121020900543 H -80.3573070882845 37.1259205718523 51121020900823 H -80.3570664203286 37.126964176798296
511210209001515 H -80.373659683072 37.1289121582658 511210209001094 H -80.3738157009703 37.1285795065143
511210209001094 H -80.3738157009703 37.1285795065143 511210209001096 H -80.37347941216998 37.1282837335616
511210209001518 H -80.3763962254205 37.1307623790341 511210209001519 H -80.376492017188 37.13101384756821
511210209001520 H -80.3757890567333 37.130715836434 511210209001621 H -80.37568194362821 37.1306989656554
511210209001621 H -80.37568194362821 37.1306989656554 511210209001619 H -80.3749434216152 37.13060763891939
51121020800906 H -80.3759742921105 37.135371957115005 51121020800893 H -80.37574130642379 37.1351773921413
511210209001525 H -80.3728644306926 37.1304163921291 511210209001279 H -80.3726557033455 37.1301188676156
511210209001279 H -80.3726557033455 37.1301188676156 511210209001216 H -80.37237137939529 37.130200286431496
511210209001526 H -80.3727613080436 37.1312205494463 511210209001528 H -80.37332281091021 37.131567008614
511210209001528 H -80.37332281091021 37.131567008614 511210209001655 H -80.3733862748909 37.1319769696777
511210209001527 H -80.37299242607541 37.1298433142887 511210209001530 H -80.3730231917526 37.129502993033206
511210209001530 H -80.3730231917526 37.129502993033206 511210209001282 H -80.3726264166319 37.12921182521129
511210209001655 H -80.3733862748909 37.1319769696777 511210209001654 H -80.3736153267539 37.131981057991396
511210209001282 H -80.3726264166319 37.12921182521129 511210209001099 H -80.3718242883148 37.1289090239176
51121020800526 H -80.37666247746691 37.1359843052319 51121020800525 H -80.3769133583551 37.136100783372896
511210209001533 H -80.373885662009 37.13333593261621 511210209002073 H -80.3738875112687 37.1336776666613
511210209001535 H -80.37358038751509 37.1334609922841 511210209001536 H -80.3735403056964 37.1332805263672
511210209001535 H -80.37358038751509 37.1334609922841 511210209001994 H -80.37352195799271 37.133557713616796
511210209001537 H -80.3724686945054 37.1321520121554 511210209001705 H -80.3725925863612 37.132448068367204
511210209001705 H -80.3725925863612 37.132448068367204 511210209001706 H -80.37276365028521 37.13260522515221
511210209001539 H -80.37134925602159 37.1297641881239 511210209001213 H -80.3714616875792 37.1292465081824
511210209001539 H -80.37134925602159 37.1297641881239 511210209001540 H -80.3710640529351 37.1303524644135
511210209001213 H -80.3714616875792 37.1292465081824 511210209001217 H -80.3706846939063 37.129168875255296
511210209001541 H -80.3703425194383 37.12982318289 511210209001560 H -80.3706391313884 37.130323986716
511210209001541 H -80.3703425194383 37.12982318289 511210209002148 H -80.37012381694859 37.1296295203355
511210209002148 H -80.37012381694859 37.1296295203355 511210209002143 H -80.37039380967991 37.1293742008361
511210209001542 H -80.3702834528573 37.129017643434 511210209001217 H -80.3706846939063 37.129168875255296
511210209001543 H -80.3699623005121 37.1286868123116 511210209001016 H -80.36990637147 37.128557721305796
511210209001016 H -80.36990637147 37.128557721305796 511210209001563 H -80.36974124344641 37.1284570656406
511210209001554 H -80.3718285787045 37.1311339614319 511210209001566 H -80.37201602060341 37.1310548580566
511210209001555 H -80.37171074938891 37.13163553672021 511210209001571 H -80.37149348225209 37.1316941071645
511210209001557 H -80.3733239281139 37.13305152766901 511210209001697 H -80.3733331184587 37.1331258998742
511210209001697 H -80.3733331184587 37.1331258998742 511210209001784 H -80.373252538784 37.1334499019581
511210209001558 H -80.3727357200675 37.132691600269105 511210209001706 H -80.37276365028521 37.13260522515221
511210209001558 H -80.3727357200675 37.132691600269105 511210209001698 H -80.37261416087509 37.1329771485294
511210209001559 H -80.3709811746126 37.130618167185 511210209001251 H -80.3707362523182 37.1307581932151
511210209001251 H -80.3707362523182 37.1307581932151 511210209001561 H -80.36992162521379 37.1295833167156
511210209001561 H -80.36992162521379 37.1295833167156 511210209001287 H -80.3697689179444 37.129478938295705
511210209001562 H -80.3701195427405 37.1291568762816 511210209002143 H -80.37039380967991 37.1293742008361
511210209001563 H -80.36974124344641 37.1284570656406 51121020900987 H -80.3695733600425 37.128123605571496
51121020900987 H -80.3695733600425 37.128123605571496 511210209002046 H -80.3697239250966 37.1280372049094
511210209001569 H -80.37138150648029 37.131335408418 511210209001572 H -80.3711382571209 37.131350405814
511210209001573 H -80.3706153501049 37.1314774644676 511210209001575 H -80.3709793464762 37.1318248203448
511210209001575 H -80.3709793464762 37.1318248203448 511210209001638 H -80.3711364042351 37.1319602593906
511210209001574 H -80.36991349943291 37.131180692859296 511210209001247 H -80.370183934309 37.131019444678394
511210209001574 H -80.36991349943291 37.131180692859296 511210209001639 H -80.3695013782821 37.130933726276496
511210209001247 H -80.370183934309 37.131019444678394 511210209001637 H -80.370139672494 37.131497289743706
511210209001639 H -80.3695013782821 37.130933726276496 511210209001249 H -80.36945564771159 37.130796970309795
511210209001638 H -80.3711364042351 37.1319602593906 511210209001634 H -80.37076250585409 37.132129667866394
511210208002158 H -80.37583055723141 37.1449324353504 511210208002161 H -80.37582961299991 37.1447496004701
511210208002161 H -80.37582961299991 37.1447496004701 51121020800857 H -80.3766938959405 37.1405702328412
51121020800857 H -80.3766938959405 37.1405702328412 51121020800825 H -80.37635331151891 37.139951264454496
511210209001594 H -80.37744511982329 37.1325241674939 511210209001595 H -80.3773342516343 37.13270172964921
511210209001596 H -80.3764455456112 37.1329261191486 511210209001677 H -80.3764492372759 37.1327298336729
511210209001596 H -80.3764455456112 37.1329261191486 511210209002091 H -80.3764095163631 37.133063017154996
511210209001598 H -80.3754404825138 37.13345302519671 511210209002187 H -80.3753045285363 37.133441667765496
511210208002941 H -80.37343754999591 37.13428040287671 51121020800360 H -80.3734331041374 37.134378051205104
511210209001620 H -80.3751701542806 37.13310866864271 511210209001731 H -80.3751496357867 37.1332162752699
511210209001731 H -80.3751496357867 37.1332162752699 511210209001729 H -80.3752433412708 37.133305569706
511210209002185 H -80.3756381490197 37.1312992373164 511210209002166 H -80.37553342159092 37.1313947771634
51121020900825 H -80.3585207002858 37.127099132901 51121020900824 H -80.3580399343491 37.1268360293428
511210209001625 H -80.377474695251 37.1321767540392 511210209001653 H -80.3780097399205 37.132304041668704
511210209001954 H -80.3565727142278 37.1245267424016 511210209002079 H -80.35711840328909 37.124145084567104
51121020900107 H -80.3557209328507 37.1232214375694 511210209001988 H -80.3557268992048 37.122359409602794
51121020900175 H -80.355843914212 37.124465698181204 51121020900207 H -80.3566222014068 37.1242729336205
51121020900176 H -80.3549472964397 37.1239304226915 51121020900177 H -80.3550512918462 37.1238381994909
51121020900143 H -80.3524323536286 37.1242534020033 51121020900171 H -80.35361667303209 37.1237010543366
51121020900147 H -80.351914244882 37.1243164475012 511210209002118 H -80.3521380047379 37.1237498377281
511210209001632 H -80.3696574051713 37.1319842269896 511210209002058 H -80.3696636417082 37.132000360841396
511210209001633 H -80.37241672199559 37.1328637056069 511210209001974 H -80.3722689367614 37.132691377747896
511210209001640 H -80.3685377191789 37.1307546016452 511210209001291 H -80.3691169509051 37.1297497106961
511210209001291 H -80.3691169509051 37.1297497106961 511210209001187 H -80.36917732981 37.1292694228528
511210209001222 H -80.3778254979158 37.129399238151706 511210209001220 H -80.3779642505797 37.1293270412036
51121020900974 H -80.3632446681351 37.1280844228643 51121020900975 H -80.36341526917 37.1281591272665
51121020800836 H -80.3794023249489 37.1398612994692 51121020800829 H -80.3792735784015 37.1393982022756
51121020800889 H -80.3795905445707 37.140485653868 51121020800886 H -80.3796489661902 37.1408273878407
51121020800888 H -80.38044530569191 37.1404230914563 51121020800885 H -80.3811476744218 37.140562627238495
511210209001699 H -80.37261283328979 37.133367028269 511210209001785 H -80.3726308524688 37.133296687820796
51121020800810 H -80.37626038160629 37.1386285601253 511210208002921 H -80.37607827529649 37.1386250365545
51121020800813 H -80.37788505707209 37.1400866379031 51121020800812 H -80.37797067735241 37.1398760600894
511210209001730 H -80.3747785418564 37.133663842234 511210209001739 H -80.3745543370335 37.1335917398816
51121020800809 H -80.375983782508 37.1382968654245 51121020800683 H -80.37522101449541 37.13850991918879
51121020800652 H -80.3763693845561 37.137978441587 51121020800653 H -80.37636325808771 37.1378892805404
511210208002315 H -80.3811856436501 37.1392913480287 51121020800827 H -80.3791526883642 37.1390018944232
51121020800827 H -80.3791526883642 37.1390018944232 51121020800829 H -80.3792735784015 37.1393982022756
511210209001786 H -80.372033258384 37.1340617842484 511210209001788 H -80.3718476891993 37.1344989668775
51121020800459 H -80.3756904309956 37.134252879291104 51121020800458 H -80.37585214480708 37.1344293960919
511210209002172 H -80.37502966609559 37.133836130602 51121020800380 H -80.37511711577021 37.1337522411909
51121020900183 H -80.36892140054059 37.124631105324795 51121020900197 H -80.3684963698918 37.124554819235286
51121020900182 H -80.3693271258621 37.1244761266925 51121020900196 H -80.3697317966555 37.1241944359385
51121020900184 H -80.3678798890076 37.1240701333289 51121020900185 H -80.3674331749597 37.12416636992421
511210209002163 H -80.36593312618321 37.1242625112885 51121020900167 H -80.3657585098776 37.124312779255206
51121020900186 H -80.36714597172791 37.1236556960798 51121020900116 H -80.36742507698321 37.1225935945369
51121020900556 H -80.363044454394 37.1259359579488 51121020900189 H -80.3628371597577 37.1255227881679
51121020900188 H -80.3640933858194 37.125488305514004 511210209001989 H -80.3636631440413 37.125492811519706
51121020900136 H -80.36127741723159 37.12350658574921 51121020900130 H -80.36058963547741 37.1230883234813
51121020900137 H -80.36009571523941 37.1226851165621 51121020900128 H -80.3593006084645 37.1226398091362
51121020800682 H -80.37449492822479 37.1368395778293 511210208002810 H -80.3748235447249 37.137232588234895
511210209002079 H -80.35711840328909 37.124145084567104 51121020900110 H -80.35738103928351 37.1239010640146
511210209002072 H -80.3396246405515 37.1246191265646 511210209002115 H -80.3393976042865 37.122149250959296
51121020900168 H -80.33946243359121 37.1248551123354 51121020900170 H -80.33915858942458 37.1247499365571
5112102090064 H -80.3390827565686 37.1225117487604 5112102090063 H -80.33880509177521 37.122141021777395
511210209001960 H -80.3239565620346 37.1279591232821 511210209001043 H -80.32401039023159 37.127822541532105
511210209001043 H -80.32401039023159 37.127822541532105 511210209001039 H -80.32455705015909 37.127837776576904
511210209001961 H -80.3766640758195 37.123254045224 51121020900124 H -80.3765035159184 37.123700843334
51121020900124 H -80.3765035159184 37.123700843334 511210209002126 H -80.3764266895992 37.12375675789979
511210209001978 H -80.3287614439522 37.1274435673815 51121020900932 H -80.3285198611447 37.127227210981495
51121020900932 H -80.3285198611447 37.127227210981495 51121020900928 H -80.328499877996 37.1272381776475
511210209001988 H -80.3557268992048 37.122359409602794 51121020900113 H -80.3557215259243 37.1213879557861
51121020900113 H -80.3557215259243 37.1213879557861 51121020900115 H -80.35599015380441 37.1213083649228
511210209001989 H -80.3636631440413 37.125492811519706 51121020900469 H -80.3636612711655 37.125343049038
511210209002000 H -80.3474124158998 37.1178183023303 51121020900428 H -80.3473385573962 37.1176459173608
51121020900428 H -80.3473385573962 37.1176459173608 51121020900439 H -80.3468170937057 37.1178513184014
51121020900889 H -80.37066549696159 37.1263727021591 51121020900890 H -80.3707810442967 37.126616237956206
51121020900526 H -80.3638410327273 37.126001343322 51121020900190 H -80.36336331298371 37.12577616981
51121020900524 H -80.3632252823452 37.1261924921117 51121020900525 H -80.36359040729641 37.1261026490247
511210209002007 H -80.3657746630463 37.1261259820561 51121020900527 H -80.3660011330866 37.12609287965579
511210209002009 H -80.3504166123402 37.126190404413 51121020900817 H -80.35200089136359 37.126646823162105
511210209002009 H -80.3504166123402 37.126190404413 51121020900519 H -80.3504884171791 37.126044219388596
51121020900817 H -80.35200089136359 37.126646823162105 51121020900818 H -80.3524277083838 37.1268761990018
51121020900519 H -80.3504884171791 37.126044219388596 51121020900480 H -80.3503170413779 37.125584581869
51121020900385 H -80.34613253215909 37.1200267513554 51121020900386 H -80.34580145166609 37.119434668916
51121020900440 H -80.3447385098217 37.1201109925244 51121020900444 H -80.344546841511 37.119965739389
51121020900388 H -80.34664915139491 37.1190288077505 51121020900442 H -80.3466190159665 37.118197253317106
5112102090043 H -80.3487948844173 37.12200161990479 5112102090041 H -80.349902939418 37.1217248262639
5112102090044 H -80.349112965389 37.122311516048704 5112102090040 H -80.34965055837259 37.1220798283665
511210209002017 H -80.37414449478041 37.1142809073866 51121020900371 H -80.37429814076559 37.115064366858896
51121020900528 H -80.36694818401041 37.1260059312109 51121020900515 H -80.36641702988881 37.125138919251214
51121020900886 H -80.3677915891965 37.1263740318719 51121020900885 H -80.3680376228573 37.1265757297135
51121020900532 H -80.3685267547319 37.126119009966395 511210209002100 H -80.3686717992736 37.1262968061804
511210209002024 H -80.3566225147994 37.1274829060395 511210209002025 H -80.3563565758456 37.1277855613286
511210209002024 H -80.3566225147994 37.1274829060395 51121020900822 H -80.356475202865 37.127301448698795
51121020900822 H -80.356475202865 37.127301448698795 51121020900823 H -80.3570664203286 37.126964176798296
511210209002026 H -80.33473516380471 37.1267661174821 51121020900815 H -80.3349238397573 37.1268695909148
511210209002043 H -80.3294997032226 37.1278585654839 51121020900810 H -80.3295126394004 37.128229020037296
511210209002047 H -80.3503074678037 37.1223586801674 5112102090040 H -80.34965055837259 37.1220798283665
511210209002047 H -80.3503074678037 37.1223586801674 51121020900151 H -80.3503403498885 37.1222819230032
51121020900151 H -80.3503403498885 37.1222819230032 51121020900146 H -80.350741479887 37.1221585970618
511210209002050 H -80.3245818902835 37.127825625100996 511210209001049 H -80.3250602476751 37.127028668006396
511210209002050 H -80.3245818902835 37.127825625100996 511210209001039 H -80.32455705015909 37.127837776576904
511210209002055 H -80.3720500357887 37.134692856056105 51121020800362 H -80.3721116054117 37.134674054426
511210209002062 H -80.373763661516 37.1175129668661 511210209002165 H -80.373517498051 37.1175702282277
511210209002165 H -80.373517498051 37.1175702282277 51121020900431 H -80.3730945793099 37.117579196778
511210209002068 H -80.37891876039521 37.1234787052623 51121020900156 H -80.378807192745 37.1228275630132
511210209002068 H -80.37891876039521 37.1234787052623 51121020900161 H -80.3795569700698 37.123520510522
51121020900161 H -80.3795569700698 37.123520510522 51121020900155 H -80.3811574173487 37.1242380310507
511210209002069 H -80.37633841399558 37.1182063947102 51121020900451 H -80.37677191552 37.118024618132786
51121020900451 H -80.37677191552 37.118024618132786 51121020900447 H -80.3769463093442 37.1183012910241
511210209002115 H -80.3393976042865 37.122149250959296 5112102090062 H -80.3398170777037 37.1216241331285
51121020900169 H -80.3401474395281 37.1253866275728 51121020900473 H -80.33996907986429 37.1255123217638
51121020900518 H -80.33811626730709 37.1260483245603 51121020900471 H -80.33844386076458 37.125972858573604
51121020900812 H -80.3324446515419 37.1273383528294 51121020900811 H -80.3321304390628 37.1275206658063
51121020900110 H -80.35738103928351 37.1239010640146 51121020900111 H -80.3573964947037 37.1235628974866
51121020900931 H -80.3268930370674 37.1263112010966 51121020900930 H -80.32603017499841 37.12592801945971
51121020900162 H -80.38303289790821 37.1238182946913 51121020900160 H -80.3825062457358 37.12440941104
511210209002106 H -80.37287712940692 37.1214844650139 5112102090075 H -80.3729308821423 37.121346104605706
511210209002107 H -80.35816375335159 37.1247013576444 51121020900211 H -80.3581674240872 37.1248717099813
511210209002107 H -80.35816375335159 37.1247013576444 51121020900205 H -80.3580082226934 37.1243414936139
51121020900205 H -80.3580082226934 37.1243414936139 51121020900210 H -80.3579609489526 37.124282328865206
5112102090062 H -80.3398170777037 37.1216241331285 5112102090046 H -80.3408338088001 37.1203693171102
511210209002118 H -80.3521380047379 37.1237498377281 51121020900144 H -80.35201918198001 37.123487651784295
51121020900144 H -80.35201918198001 37.123487651784295 51121020900145 H -80.35225990810899 37.1233254755494
511210209002129 H -80.35789450819559 37.123723309332206 51121020900209 H -80.3582322924868 37.1238531080132
51121020900209 H -80.3582322924868 37.1238531080132 51121020900132 H -80.35885684422841 37.1239870549368
511210209002140 H -80.3680051470895 37.1278565925881 511210209001122 H -80.36802461746221 37.127455819857104
511210209002140 H -80.3680051470895 37.1278565925881 511210209001074 H -80.3681918478354 37.1282456901031
511210209001074 H -80.3681918478354 37.1282456901031 511210209001077 H -80.36777289704648 37.128609272484
511210209002141 H -80.3570295196015 37.1237527645605 51121020900109 H -80.3570107881601 37.1239108468929
51121020900109 H -80.3570107881601 37.1239108468929 51121020900108 H -80.3568546653397 37.124162250302
511210209002156 H -80.3590616946399 37.1240581907711 51121020900132 H -80.35885684422841 37.1239870549368
51121020900167 H -80.3657585098776 37.124312779255206 511210209002174 H -80.36511799601149 37.1236901149478
511210209002167 H -80.3734754060401 37.1188581098772 51121020900466 H -80.37351001958659 37.118667068818496
51121020900466 H -80.37351001958659 37.118667068818496 51121020900464 H -80.3736328456031 37.1184029583709
511210209002168 H -80.37222920663079 37.1297561894459 511210209001216 H -80.37237137939529 37.130200286431496
511210209002168 H -80.37222920663079 37.1297561894459 511210209001214 H -80.372490064425 37.1296385836505
511210209002170 H -80.3504168502389 37.122504142622105 51121020900141 H -80.3511312202313 37.122437966538
511210209002170 H -80.3504168502389 37.122504142622105 51121020900150 H -80.3503709833381 37.1224803947355
51121020900141 H -80.3511312202313 37.122437966538 51121020900149 H -80.35160450229091 37.1222107030764
511210209002174 H -80.36511799601149 37.1236901149478 51121020900166 H -80.3656051192358 37.1233683356996
51121020900166 H -80.3656051192358 37.1233683356996 51121020900164 H -80.3653219911189 37.122973798356206
51121020900126 H -80.3762799212592 37.1234768372424 51121020900127 H -80.3757351460711 37.1239264808415
511210208002762 H -80.374144239586 37.13691862166729 51121020800627 H -80.3742381056115 37.1370504357931
511210209002188 H -80.3517473261488 37.1226712174592 51121020900149 H -80.35160450229091 37.1222107030764
511210209001013 H -80.370787298154 37.1270163949097 511210209001018 H -80.37073164164741 37.1271411803099
511210209001017 H -80.37144308215791 37.1280047672357 511210209001014 H -80.3712539425791 37.128167012525
511210209001124 H -80.3724101662388 37.1270750821611 511210209001129 H -80.37293392963299 37.127066247209896
51121020900989 H -80.3695328651768 37.1268152740073 51121020900986 H -80.3694842308786 37.12763353396821
511210209001092 H -80.3733227959119 37.1292409486584 511210209001101 H -80.3727434692956 37.1281135643008
51121020900933 H -80.3703355295527 37.1268532606695 511210209001130 H -80.37047564839291 37.127087233089
511210208002810 H -80.3748235447249 37.137232588234895 51121020800681 H -80.3748187851794 37.137379535275
511210208006 H -80.375533922215 37.1331238717402 511210208007 H -80.3758505775096 37.1331744391477
511210208007 H -80.3758505775096 37.1331744391477 511210208002883 H -80.3759955904565 37.1331481510829
51121020900105 H -80.3553280997492 37.1225644039814 51121020900106 H -80.3549039561963 37.1232079369526
51121020900106 H -80.3549039561963 37.1232079369526 51121020900177 H -80.3550512918462 37.1238381994909
51121020900108 H -80.3568546653397 37.124162250302 51121020900207 H -80.3566222014068 37.1242729336205
51121020900111 H -80.3573964947037 37.1235628974866 51121020900112 H -80.3572672197164 37.122947184413
51121020900115 H -80.35599015380441 37.1213083649228 51121020900114 H -80.35523524888691 37.120818988824894
51121020900116 H -80.36742507698321 37.1225935945369 51121020900118 H -80.3674549780023 37.12243616099379
51121020900118 H -80.3674549780023 37.12243616099379 51121020900117 H -80.3671690815915 37.1224853259143
51121020900117 H -80.3671690815915 37.1224853259143 51121020900165 H -80.3652352786951 37.1222977221613
511210208002838 H -80.3740338912186 37.1357260827559 511210208002943 H -80.37393275394359 37.1356828977805
511210208002943 H -80.37393275394359 37.1356828977805 51121020800552 H -80.374326789718 37.1354695759341
51121020900123 H -80.37470246784021 37.12407383844771 51121020900125 H -80.3748489120076 37.124280341148896
51121020900125 H -80.3748489120076 37.124280341148896 51121020900127 H -80.3757351460711 37.1239264808415
51121020900128 H -80.3593006084645 37.1226398091362 51121020900134 H -80.359240304513 37.1226268045381
51121020900134 H -80.359240304513 37.1226268045381 51121020900129 H -80.35918639227141 37.1224136015636
51121020900129 H -80.35918639227141 37.1224136015636 51121020900131 H -80.3586846054086 37.1219610173365
51121020900130 H -80.36058963547741 37.1230883234813 51121020900135 H -80.3601215504362 37.1230165075678
51121020900133 H -80.3593099040361 37.1247718356738 51121020900138 H -80.35978312258241 37.1246710407188
51121020900133 H -80.3593099040361 37.1247718356738 51121020900208 H -80.35910601643359 37.1249196249931
51121020900208 H -80.35910601643359 37.1249196249931 51121020900206 H -80.3589670531295 37.1249789219396
51121020900140 H -80.3544866364788 37.1230034018307 51121020900178 H -80.3543068084071 37.1230685258028
51121020900178 H -80.3543068084071 37.1230685258028 51121020900172 H -80.35428581808591 37.1234417257755
51121020900142 H -80.3522302043036 37.1230433608195 51121020900145 H -80.35225990810899 37.1233254755494
51121020900171 H -80.35361667303209 37.1237010543366 51121020900172 H -80.35428581808591 37.1234417257755
51121020900153 H -80.3823270188356 37.1241472284347 51121020900160 H -80.3825062457358 37.12440941104
51121020900153 H -80.3823270188356 37.1241472284347 51121020900158 H -80.38223031689121 37.1242160062459
51121020900158 H -80.38223031689121 37.1242160062459 51121020900163 H -80.3818040824474 37.124317085647
511210209001119 H -80.36916274860971 37.1268700604313 51121020900887 H -80.36878170668992 37.1268714245944
51121020900982 H -80.3692375789373 37.127103101061294 51121020900983 H -80.369030832014 37.1276389366586
51121020900473 H -80.33996907986429 37.1255123217638 51121020900472 H -80.3392887755704 37.1254178431595
51121020900352 H -80.374602177239 37.1145643178364 51121020900412 H -80.3750080740437 37.114712027263295
51121020900197 H -80.3684963698918 37.124554819235286 51121020900198 H -80.3677503234202 37.1248634873104
51121020900432 H -80.3737478847771 37.1171706579922 51121020900429 H -80.3734286289512 37.1171625967544
511210208002921 H -80.37607827529649 37.1386250365545 51121020800684 H -80.3752456097948 37.1392195517081
51121020900202 H -80.3604248450854 37.1249709559046 51121020900203 H -80.3607016339937 37.125379107609504
51121020900203 H -80.3607016339937 37.125379107609504 51121020900204 H -80.36120969820841 37.1250403349556
51121020900204 H -80.36120969820841 37.1250403349556 51121020900212 H -80.3623002866301 37.1252815829169
51121020800621 H -80.3764988655258 37.136727027026296 51121020800620 H -80.3763230957148 37.136715715636704
511210208002946 H -80.3729463971532 37.1360968966797 51121020800555 H -80.37268607833009 37.1363560065411
511210209001288 H -80.3680756057559 37.130582687284004 511210209001190 H -80.367926959252 37.1297680681061
51121020800554 H -80.3722528431544 37.1361550855746 51121020800597 H -80.37237325714841 37.1364219512686
51121020900412 H -80.3750080740437 37.114712027263295 51121020900377 H -80.3749361300884 37.1151033289631
51121020900375 H -80.3737748990557 37.1160209443864 51121020900376 H -80.3740515244803 37.116284809959396
51121020900375 H -80.3737748990557 37.1160209443864 51121020900430 H -80.3734595083061 37.1166315543685
51121020900386 H -80.34580145166609 37.119434668916 51121020900445 H -80.34559945176291 37.119173506095294
51121020900445 H -80.34559945176291 37.119173506095294 51121020900387 H -80.34579346247959 37.1190714690997
51121020900387 H -80.34579346247959 37.1190714690997 51121020900441 H -80.34631024638009 37.118443351233296
51121020900442 H -80.3466190159665 37.118197253317106 51121020900439 H -80.3468170937057 37.1178513184014
51121020900410 H -80.3753309108602 37.117764130482 51121020900463 H -80.3752459506319 37.1177604130975
51121020900420 H -80.342188637812 37.11943899627849 51121020900427 H -80.3418486745834 37.1202251517722
51121020900427 H -80.3418486745834 37.1202251517722 51121020900475 H -80.3446050266866 37.1238791477641
51121020900475 H -80.3446050266866 37.1238791477641 51121020900474 H -80.3439570128992 37.1244454773379
51121020900429 H -80.3734286289512 37.1171625967544 51121020900435 H -80.3730186159277 37.117131244774704
51121020900435 H -80.3730186159277 37.117131244774704 51121020900434 H -80.3724459608102 37.1169519185169
51121020900433 H -80.37159394266371 37.1174287329024 51121020900438 H -80.37151934512279 37.1176106178609
51121020900433 H -80.37159394266371 37.1174287329024 51121020900436 H -80.3717542428708 37.1171641851355
51121020900438 H -80.37151934512279 37.1176106178609 5112102090077 H -80.3730840174327 37.11889375112
51121020900436 H -80.3717542428708 37.1171641851355 51121020900437 H -80.3718085926103 37.11708478485
51121020900444 H -80.344546841511 37.119965739389 51121020900443 H -80.3447390613205 37.119802869996704
51121020900448 H -80.37706269286029 37.11933214837849 51121020900450 H -80.3771599870217 37.119849921711705
51121020900448 H -80.37706269286029 37.11933214837849 51121020900449 H -80.376840952137 37.1191380507776
51121020900452 H -80.3772622869928 37.1212290721125 51121020900453 H -80.3772189149309 37.121205988209894
51121020800409 H -80.3741819982954 37.1341759608596 51121020800437 H -80.3741533987881 37.1346545582028
51121020900464 H -80.3736328456031 37.1184029583709 51121020900465 H -80.3729225915036 37.1184809780476
51121020900465 H -80.3729225915036 37.1184809780476 5112102090045 H -80.3728589558737 37.1182049358204
51121020900476 H -80.3457241224426 37.12379296211439 51121020900477 H -80.345793027122 37.12354630241021
51121020900515 H -80.36641702988881 37.125138919251214 51121020900516 H -80.3661580818342 37.1251628751296
51121020800204 H -80.3820126892307 37.14205398106 51121020800205 H -80.3817582623163 37.14101864324721
51121020800205 H -80.3817582623163 37.14101864324721 51121020800887 H -80.38107688079491 37.1408002440507
51121020800887 H -80.38107688079491 37.1408002440507 51121020800885 H -80.3811476744218 37.140562627238495
5112102090046 H -80.3408338088001 37.1203693171102 5112102090067 H -80.34099884975441 37.1204229513842
5112102090063 H -80.33880509177521 37.122141021777395 5112102090065 H -80.33875186327359 37.121760038877795
5112102090065 H -80.33875186327359 37.121760038877795 5112102090068 H -80.3392956082735 37.1217586128187
5112102090068 H -80.3392956082735 37.1217586128187 5112102090066 H -80.33938751388 37.121514748824794
5112102090069 H -80.3719780324767 37.1235978692035 5112102090071 H -80.3721907810752 37.1234871750738
5112102090072 H -80.3713261931996 37.1244009427372 5112102090078 H -80.3716983159061 37.1242992785535
5112102090074 H -80.3711910562358 37.1248576273899 5112102090079 H -80.37120394834001 37.124750727080496
5112102090080 H -80.3701426679175 37.1258098719274 5112102090081 H -80.3702870640499 37.12569359249761
51121020800361 H -80.37298126939791 37.1344606843236 51121020800436 H -80.3728752243696 37.134484154254295
511210209001167 H -80.3754491849649 37.1298131388231 511210209001166 H -80.3753213516728 37.1298447639206
51121020900813 H -80.3326664747775 37.12767691683521 51121020900811 H -80.3321304390628 37.1275206658063
51121020900819 H -80.35434430022451 37.1277731040204 51121020900820 H -80.3555089882601 37.12779757341779
51121020900820 H -80.3555089882601 37.12779757341779 51121020900821 H -80.35590222465629 37.1274991647292
51121020900821 H -80.35590222465629 37.1274991647292 51121020900824 H -80.3580399343491 37.1268360293428
511210209001250 H -80.36930454224759 37.1308496800448 511210209001252 H -80.3690949950533 37.130432915751705
51121020900875 H -80.37531439410841 37.1273174251594 511210209001100 H -80.3748543051273 37.1275376894485
51121020900885 H -80.3680376228573 37.1265757297135 511210209001118 H -80.36760001677379 37.127555273997004
51121020900887 H -80.36878170668992 37.1268714245944 511210209001115 H -80.3682146953571 37.127187289828896
51121020900888 H -80.37080911935091 37.12667398150671 51121020900890 H -80.3707810442967 37.126616237956206
511210209001005 H -80.3730216783954 37.1277551672789 511210209001096 H -80.37347941216998 37.1282837335616
511210209001006 H -80.3737732396851 37.1271542616916 511210209001011 H -80.37406078205309 37.127354941543004
511210209001006 H -80.3737732396851 37.1271542616916 511210209001127 H -80.37322056646829 37.127259603236105
51121020800559 H -80.3754457087664 37.135441588900704 51121020800893 H -80.37574130642379 37.1351773921413
511210209001009 H -80.37233847435371 37.1277075524053 511210209001128 H -80.372942781093 37.1275338869279
511210209001009 H -80.37233847435371 37.1277075524053 511210209001125 H -80.3722047948997 37.1280441963604
511210209001128 H -80.372942781093 37.1275338869279 511210209001129 H -80.37293392963299 37.127066247209896
511210209001010 H -80.3714805501035 37.128484606024706 511210209001014 H -80.3712539425791 37.128167012525
511210209001010 H -80.3714805501035 37.128484606024706 511210209001137 H -80.3703200134776 37.128528814342395
511210209001008 H -80.37292357709529 37.127835551911 511210209001101 H -80.3727434692956 37.1281135643008
511210209001015 H -80.3702312256381 37.1274910434426 511210209001130 H -80.37047564839291 37.127087233089
511210209001075 H -80.3690433401037 37.129200084425 511210209001076 H -80.3685957689157 37.1291300726439
511210209001075 H -80.3690433401037 37.129200084425 511210209001187 H -80.36917732981 37.1292694228528
51121020900927 H -80.3283767539505 37.1270986867895 51121020900929 H -80.3282349760922 37.1272276572825
51121020900927 H -80.3283767539505 37.1270986867895 51121020900928 H -80.328499877996 37.1272381776475
51121020900930 H -80.32603017499841 37.12592801945971 511210209001041 H -80.3254279129184 37.12624742615829
511210209001041 H -80.3254279129184 37.12624742615829 511210209001045 H -80.3249471602882 37.1270247719822
511210209001045 H -80.3249471602882 37.1270247719822 511210209001048 H -80.32451865550979 37.1269854668411
511210209001077 H -80.36777289704648 37.128609272484 511210209001117 H -80.3675570572828 37.128074588355105
511210209001079 H -80.3690873762416 37.1289207916557 51121020900988 H -80.36941530319442 37.128055924967
51121020900988 H -80.36941530319442 37.128055924967 51121020900983 H -80.369030832014 37.1276389366586
51121020900984 H -80.3695147950612 37.127796923633795 51121020900986 H -80.3694842308786 37.12763353396821
511210209001091 H -80.3737061423456 37.1279771325957 511210209001095 H -80.3739068861 37.1283176660181
511210209001099 H -80.3718242883148 37.1289090239176 511210209001212 H -80.3715906526121 37.1290195527351
511210209001138 H -80.3695460271507 37.1292219281932 511210209001286 H -80.3693890383358 37.1298080166786
511210209001286 H -80.3693890383358 37.1298080166786 511210209001252 H -80.3690949950533 37.130432915751705
