24862208 R -80.57834 37.09353 24862218 R -80.57822 37.09357
24862208 R -80.57834 37.09353 215676488 R -80.57823 37.09202
24862218 R -80.57822 37.09357 24862171 R -80.57793000000001 37.09267
24862218 R -80.57822 37.09357 171509831 R -80.57772 37.093340000000005
215676488 R -80.57823 37.09202 24862160 R -80.57828 37.09097
171509768 R -80.57661999999999 37.08167 1039866916 R -80.57500999999999 37.07887
171509768 R -80.57661999999999 37.08167 51121112131 T -80.57780733333333 37.08882866666666
1039866916 R -80.57500999999999 37.07887 24860821 R -80.575 37.0787
51121112131 T -80.57780733333333 37.08882866666666 24862148 R -80.57799 37.089929999999995
51121112131 T -80.57780733333333 37.08882866666666 51121021500314 H -80.5772026269227 37.0890206009925
24862171 R -80.57793000000001 37.09267 51121110296 T -80.57613364962492 37.0927012710897
24862171 R -80.57793000000001 37.09267 24862167 R -80.57789 37.09258
24862171 R -80.57793000000001 37.09267 24862168 R -80.57808 37.092620000000004
171509831 R -80.57772 37.093340000000005 51121112129 T -80.57381473764435 37.09330118029468
51121109009 T -80.57589709394965 37.09174399280092 24862167 R -80.57789 37.09258
51121109009 T -80.57589709394965 37.09174399280092 511210215003271 H -80.5758516648858 37.0915912837492
51121109009 T -80.57589709394965 37.09174399280092 51121021500328 H -80.5750500049489 37.0920074384119
24862167 R -80.57789 37.09258 51121109161 T -80.57645786002037 37.091190231025685
24860821 R -80.575 37.0787 34370 S -80.58238534 37.07236378
51121110295 T -80.57500909974996 37.09272084739313 51121110294 T -80.57388454987499 37.09274042369657
51121110295 T -80.57500909974996 37.09272084739313 51121110296 T -80.57613364962492 37.0927012710897
51121110295 T -80.57500909974996 37.09272084739313 511210215002650 H -80.57490926245359 37.0925245860646
51121110294 T -80.57388454987499 37.09274042369657 51121110293 T -80.57332227493748 37.09275021184828
51121110294 T -80.57388454987499 37.09274042369657 51121021500331 H -80.5738982761847 37.0928435444537
51121110296 T -80.57613364962492 37.0927012710897 51121021500330 H -80.5760268315084 37.0922911511135
51121110293 T -80.57332227493748 37.09275021184828 51121110292 T -80.57276 37.09276
51121110293 T -80.57332227493748 37.09275021184828 511210215003401 H -80.5734442566237 37.0928139444201
51121110292 T -80.57276 37.09276 51121021500329 H -80.57261160433491 37.0927199755775
51121109161 T -80.57645786002037 37.091190231025685 51121021500326 H -80.5764153811062 37.0910997334825
51121112129 T -80.57381473764435 37.09330118029468 51121021500332 H -80.5737485344731 37.0933232367851
51121112129 T -80.57381473764435 37.09330118029468 511210215002547 H -80.5737786127425 37.0932312228617
848140353 R -80.5766 37.09077 24862168 R -80.57808 37.092620000000004
848140353 R -80.5766 37.09077 51121112136 T -80.57626033149369 37.09041092186476
51121112136 T -80.57626033149369 37.09041092186476 335463023 R -80.5759 37.09003
51121112136 T -80.57626033149369 37.09041092186476 51121021500320 H -80.5762399066142 37.0903145212133
24862148 R -80.57799 37.089929999999995 196297828 R -80.5781 37.09032
24862148 R -80.57799 37.089929999999995 51121109072 T -80.57534733333334 37.090004666666665
196297828 R -80.5781 37.09032 24862160 R -80.57828 37.09097
51121109072 T -80.57534733333334 37.090004666666665 51121109071 T -80.574026 37.090042
51121109072 T -80.57534733333334 37.090004666666665 511210215003250 H -80.5751829821575 37.0897457645805
51121112133 T -80.57352999857919 37.091720748677176 51121112132 T -80.57269000000002 37.09232
51121112133 T -80.57352999857919 37.091720748677176 51121112134 T -80.57394999786877 37.09142112301575
51121112133 T -80.57352999857919 37.091720748677176 51121021500319 H -80.573446902827 37.0913170392542
51121112132 T -80.57269000000002 37.09232 51121021500321 H -80.5722486113867 37.0922683263901
51121112134 T -80.57394999786877 37.09142112301575 335463023 R -80.5759 37.09003
51121112134 T -80.57394999786877 37.09142112301575 511210215002880 H -80.5740439675402 37.0913830243362
51121109068 T -80.56874066666667 37.09019133333333 51121109069 T -80.57072266666667 37.09013533333333
51121109068 T -80.56874066666667 37.09019133333333 51121021500317 H -80.5690091627405 37.090176077748296
51121109068 T -80.56874066666667 37.09019133333333 51121021500318 H -80.568775553856 37.090328157121604
51121109069 T -80.57072266666667 37.09013533333333 51121109070 T -80.57336533333334 37.090060666666666
51121109069 T -80.57072266666667 37.09013533333333 51121021500313 H -80.5704702160143 37.089010461623104
51121109069 T -80.57072266666667 37.09013533333333 511210215002354 H -80.5707645303402 37.090473855683
51121109070 T -80.57336533333334 37.090060666666666 51121109071 T -80.574026 37.090042
51121109070 T -80.57336533333334 37.090060666666666 51121021500325 H -80.57326722046041 37.0903648462326
51121109071 T -80.574026 37.090042 51121021500323 H -80.5738335508605 37.0899311771982
51121021500324 H -80.5757405661861 37.089600696234896 511210215003250 H -80.5751829821575 37.0897457645805
511210215002650 H -80.57490926245359 37.0925245860646 51121021500327 H -80.5752503676586 37.0921837501349
51121021500312 H -80.5667264863782 37.0885355977201 51121021500317 H -80.5690091627405 37.090176077748296
51121021500313 H -80.5704702160143 37.089010461623104 511210215003051 H -80.5705253955478 37.08880228814571
51121021500315 H -80.5708992054678 37.0907443196953 511210215002411 H -80.57072493228151 37.0908261416465
51121021500315 H -80.5708992054678 37.0907443196953 511210215002354 H -80.5707645303402 37.090473855683
51121021500319 H -80.573446902827 37.0913170392542 511210215002591 H -80.5734975174728 37.0912591111484
511210215002591 H -80.5734975174728 37.0912591111484 51121021500322 H -80.57342505726909 37.091014749022605
51121021500323 H -80.5738335508605 37.0899311771982 51121021500316 H -80.57305221534008 37.0893215347029
51121021500326 H -80.5764153811062 37.0910997334825 511210215003192 H -80.5763272326161 37.0908879559726
