51121105408 T -80.31868229744941 37.13527823495181 917980476 R -80.31819 37.135059999999996
51121105408 T -80.31868229744941 37.13527823495181 511210209001856 H -80.31879864691521 37.135046665422
917980476 R -80.31819 37.135059999999996 171526048 R -80.31748 37.13364
917980476 R -80.31819 37.135059999999996 51121105892 T -80.31799459002124 37.13730721475576
51121101825 T -80.317626 37.13292 171526048 R -80.31748 37.13364
51121101825 T -80.317626 37.13292 51121101826 T -80.31777199999999 37.1322
51121101825 T -80.317626 37.13292 511210209001716 H -80.31799590617409 37.133151033248
171526048 R -80.31748 37.13364 51121104727 T -80.31698514997504 37.13385449772945
51121101826 T -80.31777199999999 37.1322 51121101827 T -80.317918 37.131479999999996
51121101826 T -80.31777199999999 37.1322 511210209001719 H -80.3197099730887 37.1326167547971
51121101827 T -80.317918 37.131479999999996 51121101828 T -80.31821000000002 37.13004
51121101827 T -80.317918 37.131479999999996 511210209001717 H -80.3200142265967 37.1320880876403
51121101827 T -80.317918 37.131479999999996 51121020900912 H -80.3212645350701 37.1317868190064
51121101828 T -80.31821000000002 37.13004 51121101829 T -80.31850200000002 37.1286
51121101828 T -80.31821000000002 37.13004 51121020900921 H -80.3208745586348 37.13040388046871
51121101829 T -80.31850200000002 37.1286 51121101830 T -80.319086 37.12572
51121101829 T -80.31850200000002 37.1286 51121020900902 H -80.31677954916691 37.12812998931149
51121101830 T -80.319086 37.12572 51121101831 T -80.319232 37.125
51121101830 T -80.319086 37.12572 51121020900911 H -80.32029690139521 37.125697032333
51121105414 T -80.32509 37.13611 171525884 R -80.32509 37.136109999999995
51121105414 T -80.32509 37.13611 51121105415 T -80.32556688316208 37.13587082923981
51121105414 T -80.32509 37.13611 511210209001903 H -80.3250704381457 37.135901165461796
171525884 R -80.32509 37.136109999999995 51121105467 T -80.32464280931626 37.13693688088691
171525884 R -80.32509 37.136109999999995 34666 S -80.32739653 37.13412504
51121105415 T -80.32556688316208 37.13587082923981 511210209001904 H -80.3259177115328 37.136122755296995
51121105416 T -80.3274744158104 37.134914146199065 979707344 R -80.32836 37.13447
51121105416 T -80.3274744158104 37.134914146199065 511210209001842 H -80.3273029852202 37.1345148515871
979707344 R -80.32836 37.13447 51121105338 T -80.32947196116605 37.13433100485424
979707344 R -80.32836 37.13447 34665 S -80.32760989 37.13407857
51121101831 T -80.319232 37.125 51121101832 T -80.319524 37.12356000000001
51121101831 T -80.319232 37.125 51121020900919 H -80.3196487361044 37.1252534653684
51121101832 T -80.319524 37.12356000000001 51121020900910 H -80.3198294415623 37.123572443571796
51121106435 T -80.29588373274859 37.112626185542496 171527769 R -80.29841 37.11352
51121106435 T -80.29588373274859 37.112626185542496 171527789 R -80.29434 37.11208
51121106435 T -80.29588373274859 37.112626185542496 51121021400346 H -80.2954925843018 37.11346239199821
171527769 R -80.29841 37.11352 51121100844 T -80.29985667791931 37.112823979260504
171527769 R -80.29841 37.11352 51121106135 T -80.298828 37.11605
171527789 R -80.29434 37.11208 51121106114 T -80.29379513279157 37.11219209121045
171527789 R -80.29434 37.11208 51121106391 T -80.30121866666667 37.103428
171526182 R -80.30983 37.13655 51121105400 T -80.30880562333256 37.136176777493255
171526182 R -80.30983 37.13655 51121105469 T -80.31032344710644 37.13676658085667
171526182 R -80.30983 37.13655 51121105489 T -80.30802666666669 37.13613333333333
51121105400 T -80.30880562333256 37.136176777493255 914991463 R -80.30854000000001 37.13608
51121105400 T -80.30880562333256 37.136176777493255 51121020900828 H -80.3089034130712 37.1359664451659
51121105469 T -80.31032344710644 37.13676658085667 51121105470 T -80.31081689421289 37.13698316171335
51121105469 T -80.31032344710644 37.13676658085667 51121020900831 H -80.3101772405271 37.1367937589052
51121105489 T -80.30802666666669 37.13613333333333 51121105488 T -80.30622333333334 37.13571666666667
51121105489 T -80.30802666666669 37.13613333333333 51121020900829 H -80.3092987505816 37.1365948001025
51121100844 T -80.29985667791931 37.112823979260504 51121100845 T -80.30275003375796 37.111431937781475
51121100844 T -80.29985667791931 37.112823979260504 51121020900216 H -80.3000073962939 37.1129108459951
51121100845 T -80.30275003375796 37.111431937781475 51121100846 T -80.30419671167726 37.11073591704198
51121100845 T -80.30275003375796 37.111431937781475 51121020900213 H -80.3028714402861 37.11196549282921
51121100846 T -80.30419671167726 37.11073591704198 915005259 R -80.3045 37.11059
51121100846 T -80.30419671167726 37.11073591704198 5112102090013 H -80.30413463244359 37.11057216366179
915005259 R -80.3045 37.11059 51121109228 T -80.30484098888395 37.11023167269824
915005259 R -80.3045 37.11059 51121100671 T -80.30772442702799 37.11138905626058
51121105459 T -80.30748 37.13424000000001 914991462 R -80.30748 37.134240000000005
51121105459 T -80.30748 37.13424000000001 51121105460 T -80.30506882266971 37.13540093723311
51121105459 T -80.30748 37.13424000000001 51121020900827 H -80.30739746718629 37.134433292403
914991462 R -80.30748 37.134240000000005 51121105752 T -80.30735509852865 37.133865295585935
914991462 R -80.30748 37.134240000000005 51121104735 T -80.30748 37.13424000000001
914991462 R -80.30748 37.134240000000005 51121109418 T -80.30795136763402 37.13505822306282
51121105460 T -80.30506882266971 37.13540093723311 51121105461 T -80.30458658720366 37.13563312467973
51121105460 T -80.30506882266971 37.13540093723311 51121021400581 H -80.30499433659209 37.1352813200005
51121105461 T -80.30458658720366 37.13563312467973 51121021400580 H -80.3045757374789 37.135739735456
51121105467 T -80.32464280931626 37.13693688088691 51121105468 T -80.32352483260692 37.13900408310418
51121105467 T -80.32464280931626 37.13693688088691 511210209001902 H -80.3246914173074 37.1368186299767
51121105467 T -80.32464280931626 37.13693688088691 511210209001930 H -80.3254447623682 37.137208445626
51121105468 T -80.32352483260692 37.13900408310418 171526025 R -80.3235 37.13905
51121105468 T -80.32352483260692 37.13900408310418 51121020900842 H -80.32367476418351 37.138919562724396
171526025 R -80.3235 37.13905 51121105478 T -80.32232287401985 37.13883866678992
171526025 R -80.3235 37.13905 806148411 R -80.32477 37.13909
51121105470 T -80.31081689421289 37.13698316171335 51121105471 T -80.31131034131933 37.137199742570026
51121105470 T -80.31081689421289 37.13698316171335 51121021400313 H -80.31116495218859 37.136862824077504
51121105471 T -80.31131034131933 37.137199742570026 917380038 R -80.31204 37.13752
51121105471 T -80.31131034131933 37.137199742570026 51121020900832 H -80.3112287888279 37.137169864095895
917380038 R -80.31204 37.13752 51121105493 T -80.31255951033859 37.13769317011287
917380038 R -80.31204 37.13752 914991909 R -80.31161999999999 37.13771
51121105472 T -80.31793 37.13805 171526053 R -80.31793 37.13805
51121105472 T -80.31793 37.13805 51121105473 T -80.31847910925248 37.138148583348745
51121105472 T -80.31793 37.13805 51121020900835 H -80.3179531668249 37.1381000199692
171526053 R -80.31793 37.13805 51121109162 T -80.31742805448408 37.137846311964566
171526053 R -80.31793 37.13805 51121105892 T -80.31799459002124 37.13730721475576
51121105473 T -80.31847910925248 37.138148583348745 51121105474 T -80.31902821850497 37.138247166697475
51121105473 T -80.31847910925248 37.138148583348745 51121020900836 H -80.3185974820627 37.1384141030572
51121105474 T -80.31902821850497 37.138247166697475 51121105475 T -80.31957732775743 37.13834575004622
51121105474 T -80.31902821850497 37.138247166697475 51121020900837 H -80.3192072472608 37.1385172161256
914991682 R -80.3005 37.12617 51121105737 T -80.30494776167933 37.127053129575316
914991682 R -80.3005 37.12617 51121106138 T -80.30036066666666 37.125326666666666
914991682 R -80.3005 37.12617 51121108057 T -80.3008563385525 37.12702469609332
51121105737 T -80.30494776167933 37.127053129575316 275987548 R -80.30604 37.12727
51121105737 T -80.30494776167933 37.127053129575316 51121020900782 H -80.30514735428692 37.1266122216375
51121106138 T -80.30036066666666 37.125326666666666 51121106137 T -80.30008199999999 37.12364
51121106138 T -80.30036066666666 37.125326666666666 511210214001655 H -80.2971897302336 37.1260283289737
51121108057 T -80.3008563385525 37.12702469609332 51121108058 T -80.30156901565752 37.12873408827997
51121108057 T -80.3008563385525 37.12702469609332 51121021400328 H -80.30060108520449 37.1272526186342
51121105475 T -80.31957732775743 37.13834575004622 51121105476 T -80.32067554626241 37.138542916743695
51121105475 T -80.31957732775743 37.13834575004622 511210209001293 H -80.3197907580436 37.137230946714396
51121105475 T -80.31957732775743 37.13834575004622 511210209002190 H -80.3197776286802 37.13848013802061
51121105476 T -80.32067554626241 37.138542916743695 51121105477 T -80.32177376476739 37.13874008344118
51121105476 T -80.32067554626241 37.138542916743695 51121020900839 H -80.3208100321132 37.1387740045241
51121105477 T -80.32177376476739 37.13874008344118 51121105478 T -80.32232287401985 37.13883866678992
51121105477 T -80.32177376476739 37.13874008344118 511210214001981 H -80.3218148301417 37.1388335849039
51121105478 T -80.32232287401985 37.13883866678992 51121020900840 H -80.3221428847752 37.1387826344808
51121105478 T -80.32232287401985 37.13883866678992 51121021400315 H -80.3223636285623 37.138955847687996
51121105479 T -80.31691 37.13764000000001 171526054 R -80.31691 37.137640000000005
51121105479 T -80.31691 37.13764000000001 51121105480 T -80.31634840426344 37.13766872612464
51121105479 T -80.31691 37.13764000000001 511210214001804 H -80.3166905340006 37.1380226711224
171526054 R -80.31691 37.137640000000005 51121106737 T -80.31691 37.13764000000001
51121105480 T -80.31634840426344 37.13766872612464 51121105481 T -80.31354042558065 37.13781235674779
51121105480 T -80.31634840426344 37.13766872612464 511210209001299 H -80.3161123585531 37.137582170701705
51121105481 T -80.31354042558065 37.13781235674779 917380039 R -80.313 37.137840000000004
51121105481 T -80.31354042558065 37.13781235674779 511210209001336 H -80.3135446306696 37.1378741847306
917380039 R -80.313 37.137840000000004 51121105493 T -80.31255951033859 37.13769317011287
917380039 R -80.313 37.137840000000004 51121106741 T -80.31355847258375 37.13778461428922
171526212 R -80.30705999999999 37.13299 914991461 R -80.30721 37.13343
171526212 R -80.30705999999999 37.13299 51121105757 T -80.30721552711775 37.13266419750332
171526212 R -80.30705999999999 37.13299 51121109384 T -80.30671880096017 37.13263174100817
914991461 R -80.30721 37.13343 51121106557 T -80.30677930749974 37.13314005668283
914991461 R -80.30721 37.13343 51121105752 T -80.30735509852865 37.133865295585935
51121105757 T -80.30721552711775 37.13266419750332 51121105756 T -80.30781821084709 37.13140167900132
51121105757 T -80.30721552711775 37.13266419750332 51121020900787 H -80.3071713965736 37.1328960197522
51121109384 T -80.30671880096017 37.13263174100817 914991417 R -80.30646 37.13236
51121109384 T -80.30671880096017 37.13263174100817 51121021400521 H -80.30682720009149 37.132694709126795
51121105484 T -80.29179666666667 37.13238333333333 51121105483 T -80.28999333333334 37.131966666666656
51121105484 T -80.29179666666667 37.13238333333333 51121105485 T -80.29720666666667 37.133633333333336
51121105484 T -80.29179666666667 37.13238333333333 51121021400600 H -80.2910893575899 37.135054980191896
51121105483 T -80.28999333333334 37.131966666666656 51121021400603 H -80.2890793678226 37.1341628104555
51121105485 T -80.29720666666667 37.133633333333336 51121105486 T -80.30081333333334 37.13446666666667
51121105485 T -80.29720666666667 37.133633333333336 51121021400525 H -80.2980577097283 37.1309569577666
51121105486 T -80.30081333333334 37.13446666666667 51121105487 T -80.30261666666667 37.134883333333335
51121105486 T -80.30081333333334 37.13446666666667 51121021400583 H -80.3010727981638 37.1348397881385
51121105486 T -80.30081333333334 37.13446666666667 51121021400584 H -80.2999846656738 37.134711829953
51121105487 T -80.30261666666667 37.134883333333335 51121105488 T -80.30622333333334 37.13571666666667
51121105487 T -80.30261666666667 37.134883333333335 511210214002322 H -80.3018423048193 37.1346407157143
51121105488 T -80.30622333333334 37.13571666666667 511210214001699 H -80.30555285552529 37.137187874534
51121106003 T -80.31101266666667 37.10811466666667 51121106002 T -80.313778 37.106064
51121106003 T -80.31101266666667 37.10811466666667 915005002 R -80.30963 37.109140000000004
51121106003 T -80.31101266666667 37.10811466666667 51121021400473 H -80.3119827792628 37.109035790452
51121106002 T -80.313778 37.106064 51121106001 T -80.31861733333331 37.10247533333333
51121106002 T -80.313778 37.106064 51121021400471 H -80.3153516722913 37.1075013130241
915005002 R -80.30963 37.109140000000004 51121109679 T -80.30827221729152 37.109942667126006
51121105493 T -80.31255951033859 37.13769317011287 51121020900833 H -80.312834139607 37.1379072614626
51121106001 T -80.31861733333331 37.10247533333333 51121106000 T -80.32 37.10145
51121106001 T -80.31861733333331 37.10247533333333 51121021400448 H -80.3184079222566 37.1021298263676
51121106001 T -80.31861733333331 37.10247533333333 511210214001921 H -80.31904515552941 37.102582231237996
51121106000 T -80.32 37.10145 915004925 R -80.32 37.10145
51121106000 T -80.32 37.10145 511210214001694 H -80.32147914986541 37.101928353282
51121106000 T -80.32 37.10145 51121021400441 H -80.3204367290824 37.1021909488661
51121108058 T -80.30156901565752 37.12873408827997 51121021400329 H -80.3019418746508 37.1286557236071
51121106135 T -80.298828 37.11605 51121106136 T -80.29994266666667 37.122796666666666
51121106135 T -80.298828 37.11605 51121020900378 H -80.2988629954391 37.116234681529605
275987548 R -80.30604 37.12727 51121105772 T -80.30631900912753 37.12758501030528
51121105772 T -80.30631900912753 37.12758501030528 171525726 R -80.30696999999999 37.12832
51121105772 T -80.30631900912753 37.12758501030528 51121020900783 H -80.3063488918972 37.1273012217856
171525726 R -80.30696999999999 37.12832 51121101810 T -80.30740058046841 37.12814661189192
171525726 R -80.30696999999999 37.12832 51121105735 T -80.30680024295131 37.12966474211112
51121101810 T -80.30740058046841 37.12814661189192 51121101809 T -80.3079032549713 37.12794419262901
51121101810 T -80.30740058046841 37.12814661189192 51121020900791 H -80.3073556969113 37.1279572311357
51121101810 T -80.30740058046841 37.12814661189192 511210209001035 H -80.30773265568271 37.1282095117727
51121105735 T -80.30680024295131 37.12966474211112 914991417 R -80.30646 37.13236
51121105735 T -80.30680024295131 37.12966474211112 511210209002177 H -80.306805396214 37.1295757076316
51121105735 T -80.30680024295131 37.12966474211112 51121020900785 H -80.306663950369 37.1298458693829
915005001 R -80.30781999999999 37.110209999999995 51121109229 T -80.3078496228087 37.11054123686103
915005001 R -80.30781999999999 37.110209999999995 51121109679 T -80.30827221729152 37.109942667126006
51121109229 T -80.3078496228087 37.11054123686103 918461175 R -80.30793 37.11144
51121109229 T -80.3078496228087 37.11054123686103 51121021400483 H -80.30741434756241 37.11018284232321
51121109679 T -80.30827221729152 37.109942667126006 51121021400475 H -80.30818555041441 37.1099277141473
51121106114 T -80.29379513279157 37.11219209121045 511210214002022 H -80.29385489781271 37.1120678487304
51121106114 T -80.29379513279157 37.11219209121045 51121021400506 H -80.2938424458009 37.1122293660701
51121106391 T -80.30121866666667 37.103428 51121106390 T -80.30171 37.10281
51121106391 T -80.30121866666667 37.103428 51121021400455 H -80.298446927452 37.10173676834221
51121106557 T -80.30677930749974 37.13314005668283 511210209001448 H -80.3068557337 37.1331509144214
51121106562 T -80.31334727161251 37.125083176602246 979687306 R -80.31293000000001 37.12592
51121106562 T -80.31334727161251 37.125083176602246 51121106563 T -80.31355590741876 37.12466476490337
51121106562 T -80.31334727161251 37.125083176602246 51121020900502 H -80.313583144409 37.1252929178134
979687306 R -80.31293000000001 37.12592 51121105161 T -80.31302022766666 37.12555738692461
979687306 R -80.31293000000001 37.12592 51121101801 T -80.31293000000002 37.12592
51121106563 T -80.31355590741876 37.12466476490337 51121106564 T -80.313764543225 37.1242463532045
51121106563 T -80.31355590741876 37.12466476490337 51121020900496 H -80.3134325725577 37.124782596495706
51121106564 T -80.313764543225 37.1242463532045 51121106565 T -80.31418181483751 37.12340952980675
51121106564 T -80.313764543225 37.1242463532045 51121020900503 H -80.3139280632777 37.1243950865355
51121106565 T -80.31418181483751 37.12340952980675 51121106566 T -80.31459908645 37.122572706409
51121106565 T -80.31418181483751 37.12340952980675 51121020900499 H -80.3150371646698 37.1234499384189
51121106566 T -80.31459908645 37.122572706409 51121020900500 H -80.31506811102159 37.122174142417705
51121109162 T -80.31742805448408 37.137846311964566 917379879 R -80.31724 37.13777
51121109162 T -80.31742805448408 37.137846311964566 51121021400614 H -80.31705215552209 37.1382610849825
917379879 R -80.31724 37.13777 51121112829 T -80.31785014135909 37.137012836626674
917379879 R -80.31724 37.13777 51121106737 T -80.31691 37.13764000000001
51121106130 T -80.31952661397266 37.100632600524214 915004925 R -80.32 37.10145
51121106130 T -80.31952661397266 37.100632600524214 51121106131 T -80.31928992095898 37.10022390078631
51121106130 T -80.31952661397266 37.100632600524214 511210214001802 H -80.3193637173002 37.1008656967066
51121106130 T -80.31952661397266 37.100632600524214 511210214001861 H -80.31832863222421 37.1009463506851
51121106131 T -80.31928992095898 37.10022390078631 51121106132 T -80.31881653493163 37.099406501310504
51121106131 T -80.31928992095898 37.10022390078631 51121021400437 H -80.3197021936227 37.1002372283198
51121106132 T -80.31881653493163 37.099406501310504 51121106133 T -80.31857984191797 37.098997801572615
51121106132 T -80.31881653493163 37.099406501310504 51121021400438 H -80.3196344409988 37.0991609275879
51121106133 T -80.31857984191797 37.098997801572615 51121021400436 H -80.3194667545171 37.0988204839331
51121106136 T -80.29994266666667 37.122796666666666 51121106137 T -80.30008199999999 37.12364
51121106136 T -80.29994266666667 37.122796666666666 51121020900381 H -80.29988215281959 37.1225361275071
51121106136 T -80.29994266666667 37.122796666666666 51121020900382 H -80.2996863815675 37.1228579191799
51121106137 T -80.30008199999999 37.12364 51121020900383 H -80.3002826881352 37.1236434050928
914991324 R -80.30568000000001 37.1324 914991417 R -80.30646 37.13236
914991324 R -80.30568000000001 37.1324 51121109262 T -80.30548384662579 37.13177397859299
51121109262 T -80.30548384662579 37.13177397859299 51121109261 T -80.3053469233129 37.13133698929649
51121109262 T -80.30548384662579 37.13177397859299 511210214002208 H -80.30539389463209 37.131576759489796
51121109228 T -80.30484098888395 37.11023167269824 51121021400481 H -80.3047272553558 37.110269492262
918461175 R -80.30793 37.11144 51121100670 T -80.30718702252331 37.11125588021714
918461175 R -80.30793 37.11144 51121100677 T -80.30793 37.11144
51121100670 T -80.30718702252331 37.11125588021714 51121100671 T -80.30772442702799 37.11138905626058
51121100670 T -80.30718702252331 37.11125588021714 5112102090011 H -80.3072571950852 37.111017406131296
51121100677 T -80.30793 37.11144 51121100678 T -80.30850585231019 37.112214096548115
51121100677 T -80.30793 37.11144 51121021400484 H -80.3080623173541 37.11150844685721
51121112829 T -80.31785014135909 37.137012836626674 511210209001942 H -80.3177280013761 37.1372108742505
51121112829 T -80.31785014135909 37.137012836626674 511210209001943 H -80.3177476591337 37.1369966462256
51121105158 T -80.31335005691666 37.124231846731156 51121105159 T -80.31324011383332 37.12467369346231
51121105158 T -80.31335005691666 37.124231846731156 5112102090014 H -80.3129302394296 37.12412364091679
51121105159 T -80.31324011383332 37.12467369346231 51121105160 T -80.31313017074999 37.12511554019347
51121105159 T -80.31324011383332 37.12467369346231 51121020900498 H -80.3131461847113 37.1247332562297
51121105160 T -80.31313017074999 37.12511554019347 51121105161 T -80.31302022766666 37.12555738692461
51121105160 T -80.31313017074999 37.12511554019347 511210209002036 H -80.31287741953359 37.1252597381822
51121105160 T -80.31313017074999 37.12511554019347 51121020900495 H -80.31318723429509 37.1249695850795
51121105160 T -80.31313017074999 37.12511554019347 51121020900535 H -80.3118564693362 37.1246900949225
51121105161 T -80.31302022766666 37.12555738692461 51121020900904 H -80.313119576538 37.1263074394871
51121105161 T -80.31302022766666 37.12555738692461 511210209002125 H -80.3149274900564 37.12729185062121
51121105161 T -80.31302022766666 37.12555738692461 51121020900898 H -80.31499284834241 37.127977277947004
51121105161 T -80.31302022766666 37.12555738692461 51121020900843 H -80.31500417463769 37.1274961075377
51121105161 T -80.31302022766666 37.12555738692461 51121020900536 H -80.3124899081915 37.125377412336896
51121109261 T -80.3053469233129 37.13133698929649 51121021400520 H -80.3054906527951 37.1310976980855
914991909 R -80.31161999999999 37.13771 51121106392 T -80.31070916930094 37.138239312934545
51121106392 T -80.31070916930094 37.138239312934545 51121106393 T -80.30934292325234 37.13903328233637
51121106392 T -80.31070916930094 37.138239312934545 51121021400619 H -80.3104673400581 37.1381247848745
51121106737 T -80.31691 37.13764000000001 511210209001301 H -80.31696563903259 37.13803448208471
51121106741 T -80.31355847258375 37.13778461428922 511210214002103 H -80.3133272844138 37.1376572090841
806148411 R -80.32477 37.13909 51121110414 T -80.325296 37.138845333333336
51121110414 T -80.325296 37.138845333333336 51121110413 T -80.328452 37.13737733333333
51121110414 T -80.325296 37.138845333333336 511210209001931 H -80.3249627610344 37.1389591718119
51121105892 T -80.31799459002124 37.13730721475576 511210209001295 H -80.3188902943505 37.1371787102766
51121100671 T -80.30772442702799 37.11138905626058 51121020900296 H -80.3078742048238 37.111436613395
51121104727 T -80.31698514997504 37.13385449772945 51121104728 T -80.31550059990019 37.13449799091779
51121104727 T -80.31698514997504 37.13385449772945 511210209001741 H -80.31690796307191 37.1338058467298
51121104728 T -80.31550059990019 37.13449799091779 51121104729 T -80.31451089985029 37.13492698637668
51121104728 T -80.31550059990019 37.13449799091779 511210209001843 H -80.3156844537344 37.1345480624195
51121104729 T -80.31451089985029 37.13492698637668 51121104730 T -80.31352119980038 37.13535598183557
51121104729 T -80.31451089985029 37.13492698637668 511210209001859 H -80.3142821543556 37.1344834383831
51121104730 T -80.31352119980038 37.13535598183557 51121104731 T -80.31253149975048 37.13578497729447
51121104730 T -80.31352119980038 37.13535598183557 511210209001867 H -80.31334213812491 37.1352590381343
51121104731 T -80.31253149975048 37.13578497729447 511210209001865 H -80.3120116441521 37.1358746696551
51121104731 T -80.31253149975048 37.13578497729447 511210209001866 H -80.3124572957523 37.1361434275191
51121105752 T -80.30735509852865 37.133865295585935 51121020900788 H -80.3072504192043 37.1339776399727
51121105756 T -80.30781821084709 37.13140167900132 51121105755 T -80.30821999999998 37.13056
51121105756 T -80.30781821084709 37.13140167900132 511210209001450 H -80.30801122312491 37.1316294835581
51121105755 T -80.30821999999998 37.13056 511210209001452 H -80.3090838052964 37.1307349284119
51121104735 T -80.30748 37.13424000000001 51121104736 T -80.30848164856464 37.133829185611745
51121104735 T -80.30748 37.13424000000001 511210209001775 H -80.3076119191212 37.1340761183292
51121104736 T -80.30848164856464 37.133829185611745 51121104737 T -80.30948329712928 37.13341837122348
51121104736 T -80.30848164856464 37.133829185611745 511210209001777 H -80.30885004398941 37.133967382417005
51121104737 T -80.30948329712928 37.13341837122348 511210209001647 H -80.3098155388374 37.1335850088405
51121104737 T -80.30948329712928 37.13341837122348 511210209001774 H -80.3096133865472 37.133362377021996
51121104737 T -80.30948329712928 37.13341837122348 511210209001776 H -80.3093410109536 37.133625857018
51121109418 T -80.30795136763402 37.13505822306282 914991463 R -80.30854000000001 37.13608
51121109418 T -80.30795136763402 37.13505822306282 51121021400582 H -80.30738121301479 37.1352542406268
914991463 R -80.30854000000001 37.13608 51121109437 T -80.30797742190248 37.13609041811291
51121109437 T -80.30797742190248 37.13609041811291 51121021400596 H -80.307900254038 37.1360875421168
51121100678 T -80.30850585231019 37.112214096548115 51121020900295 H -80.3085185755004 37.1134472732634
51121110410 T -80.331608 37.135909333333345 51121110409 T -80.33213400000002 37.13566466666667
51121110410 T -80.331608 37.135909333333345 51121110411 T -80.33108200000002 37.13615400000001
51121110410 T -80.331608 37.135909333333345 511210209001940 H -80.33160315740709 37.1357719952405
51121110409 T -80.33213400000002 37.13566466666667 511210209001928 H -80.3322885877932 37.1354378549161
51121110409 T -80.33213400000002 37.13566466666667 511210209001936 H -80.33197259417659 37.1357777726051
51121110411 T -80.33108200000002 37.13615400000001 51121110412 T -80.33003000000002 37.136643333333346
51121110411 T -80.33108200000002 37.13615400000001 511210209001933 H -80.33088545150129 37.136298160879896
51121110412 T -80.33003000000002 37.136643333333346 51121110413 T -80.328452 37.13737733333333
51121110412 T -80.33003000000002 37.136643333333346 511210209001971 H -80.3299560097507 37.1367739763283
51121110412 T -80.33003000000002 37.136643333333346 511210209002045 H -80.3301060352276 37.1364451223525
51121110413 T -80.328452 37.13737733333333 511210209001939 H -80.32827946814629 37.1372155298508
51121101801 T -80.31293000000002 37.12592 51121101802 T -80.31242732549714 37.1261224192629
51121101801 T -80.31293000000002 37.12592 51121020900508 H -80.31284224311541 37.1262434259036
51121105338 T -80.32947196116605 37.13433100485424 979707345 R -80.32988 37.13428
51121105338 T -80.32947196116605 37.13433100485424 511210209001862 H -80.32973738132159 37.1341581731572
979707345 R -80.32988 37.13428 51121105345 T -80.33042593987194 37.13438918797439
51121105345 T -80.33042593987194 37.13438918797439 511210209001863 H -80.3303878974473 37.1343552398943
51121105345 T -80.33042593987194 37.13438918797439 511210209001996 H -80.3301578125002 37.1346717719455
51121106390 T -80.30171 37.10281 511210214001805 H -80.3051348856928 37.099283681634795
51121106390 T -80.30171 37.10281 51121021400414 H -80.2999453730198 37.0980483114997
51121106393 T -80.30934292325234 37.13903328233637 511210214001749 H -80.30964402351691 37.1390507688822
51121106393 T -80.30934292325234 37.13903328233637 51121021400618 H -80.309453030798 37.138935459253204
51121101802 T -80.31242732549714 37.1261224192629 51121101803 T -80.31192465099426 37.12632483852581
51121101802 T -80.31242732549714 37.1261224192629 51121020900801 H -80.31285080692841 37.126504893121705
51121101803 T -80.31192465099426 37.12632483852581 51121101804 T -80.31142197649139 37.1265272577887
51121101803 T -80.31192465099426 37.12632483852581 51121020900506 H -80.3111002039965 37.125402709205396
51121101804 T -80.31142197649139 37.1265272577887 51121101805 T -80.31091930198852 37.126729677051614
51121101804 T -80.31142197649139 37.1265272577887 51121020900505 H -80.3108361997993 37.1253966209026
51121101804 T -80.31142197649139 37.1265272577887 51121020900799 H -80.3130360187577 37.12874090484871
51121101805 T -80.31091930198852 37.126729677051614 51121101806 T -80.31041662748565 37.126932096314505
51121101805 T -80.31091930198852 37.126729677051614 511210209002134 H -80.3109097473572 37.12716700983471
51121101806 T -80.31041662748565 37.126932096314505 51121101807 T -80.30890860397703 37.12753935410321
51121101806 T -80.31041662748565 37.126932096314505 51121020900895 H -80.31060617842279 37.12722639668471
51121101806 T -80.31041662748565 37.126932096314505 51121020900893 H -80.3104782260352 37.1273677557363
51121101807 T -80.30890860397703 37.12753935410321 51121101808 T -80.30840592947415 37.12774177336611
51121101807 T -80.30890860397703 37.12753935410321 51121020900894 H -80.3094165994254 37.1282969869663
51121101807 T -80.30890860397703 37.12753935410321 51121020900897 H -80.3090510576946 37.1280799456558
51121101808 T -80.30840592947415 37.12774177336611 51121101809 T -80.3079032549713 37.12794419262901
51121101808 T -80.30840592947415 37.12774177336611 51121020900790 H -80.3082142936952 37.1276798326293
51121101809 T -80.3079032549713 37.12794419262901 511210209001036 H -80.3079292322122 37.1280049006243
51121020900216 H -80.3000073962939 37.1129108459951 51121020900214 H -80.3003130752491 37.1130572159811
5112102090013 H -80.30413463244359 37.11057216366179 51121021400482 H -80.30358724021609 37.1106473247838
51121021400620 H -80.3093254047115 37.1383072180757 51121021400621 H -80.30886400020701 37.1382594898276
51121021400621 H -80.30886400020701 37.1382594898276 511210214001801 H -80.3089150939143 37.1385807258967
511210214001801 H -80.3089150939143 37.1385807258967 51121021400618 H -80.309453030798 37.138935459253204
5112102140052 H -80.31520109578871 37.0927599548033 511210214001761 H -80.314705233523 37.0934944164562
5112102140052 H -80.31520109578871 37.0927599548033 5112102140055 H -80.3156642482209 37.0930712290047
5112102140055 H -80.3156642482209 37.0930712290047 5112102140053 H -80.3167580743147 37.0916829601874
5112102140053 H -80.3167580743147 37.0916829601874 51121021400436 H -80.3194667545171 37.0988204839331
511210209001644 H -80.3129331759665 37.131935098225895 511210209001648 H -80.31333705622521 37.1315538112194
511210209001644 H -80.3129331759665 37.131935098225895 511210209001859 H -80.3142821543556 37.1344834383831
511210209001648 H -80.31333705622521 37.1315538112194 511210209001649 H -80.3135312027802 37.1312139931146
511210209001645 H -80.3108987708127 37.1324431988751 511210209001650 H -80.31096525456559 37.1328784700206
511210209001650 H -80.31096525456559 37.1328784700206 511210209001646 H -80.3102841517611 37.1330973036047
511210209001646 H -80.3102841517611 37.1330973036047 511210209002004 H -80.3098696164776 37.1336171725934
511210209002004 H -80.3098696164776 37.1336171725934 511210209001647 H -80.3098155388374 37.1335850088405
511210209001715 H -80.31982622568421 37.1326903065732 511210209001718 H -80.3197337085023 37.1327136746486
511210209001715 H -80.31982622568421 37.1326903065732 511210209001720 H -80.3205976740773 37.1324939119288
511210209001718 H -80.3197337085023 37.1327136746486 511210209001719 H -80.3197099730887 37.1326167547971
511210209001720 H -80.3205976740773 37.1324939119288 511210209001984 H -80.3210082309471 37.13209026693129
511210209001717 H -80.3200142265967 37.1320880876403 51121020900909 H -80.3208593776853 37.1319097278402
51121020900909 H -80.3208593776853 37.1319097278402 511210209002162 H -80.32120638876358 37.131710013889496
511210209002036 H -80.31287741953359 37.1252597381822 51121020900511 H -80.3124230367035 37.125338411887796
51121020900495 H -80.31318723429509 37.1249695850795 511210209001999 H -80.313243804441 37.124846133154
51121020900904 H -80.313119576538 37.1263074394871 51121020900905 H -80.3137748317104 37.1266963699668
511210209002125 H -80.3149274900564 37.12729185062121 51121020900847 H -80.31505297722991 37.127315369883
51121020900792 H -80.30984773542829 37.1288412266066 511210209001033 H -80.3093668473072 37.1290860701637
51121020900792 H -80.30984773542829 37.1288412266066 511210209001973 H -80.3100830707337 37.1288381943468
511210209001033 H -80.3093668473072 37.1290860701637 511210209001034 H -80.3088263975342 37.1289086325267
51121020900795 H -80.31097464554159 37.12910455319661 51121020900793 H -80.31049644627029 37.1288894785774
51121020900795 H -80.31097464554159 37.12910455319661 51121020900794 H -80.31125115323421 37.128707342077796
51121020900793 H -80.31049644627029 37.1288894785774 511210209002116 H -80.3102394198996 37.12898479994421
51121020900794 H -80.31125115323421 37.128707342077796 51121020900893 H -80.3104782260352 37.1273677557363
511210209001841 H -80.3266036657535 37.1338287573041 511210209001842 H -80.3273029852202 37.1345148515871
511210209001855 H -80.3192695710332 37.13532462598629 511210209001856 H -80.31879864691521 37.135046665422
511210209001857 H -80.3088267326195 37.135820528204796 511210209001858 H -80.309721700558 37.1359261835856
511210209001857 H -80.3088267326195 37.135820528204796 51121020900828 H -80.3089034130712 37.1359664451659
511210209001861 H -80.3302911068115 37.1343025311724 511210209001863 H -80.3303878974473 37.1343552398943
511210209001929 H -80.32986969246491 37.136492618151 511210209001932 H -80.3295425869147 37.1362790287765
511210209001929 H -80.32986969246491 37.136492618151 511210209002045 H -80.3301060352276 37.1364451223525
511210209001931 H -80.3249627610344 37.1389591718119 511210209001952 H -80.3249647583727 37.1388040408176
511210209001952 H -80.3249647583727 37.1388040408176 511210209001935 H -80.3248914184407 37.1386021314604
511210209001934 H -80.32988727399291 37.136757367113795 511210209001971 H -80.3299560097507 37.1367739763283
511210209001937 H -80.32709925394059 37.1371811717582 511210209001938 H -80.326501599971 37.137224013665794
511210209001937 H -80.32709925394059 37.1371811717582 511210209002087 H -80.3273074285955 37.1371549142721
511210209002087 H -80.3273074285955 37.1371549142721 511210209001941 H -80.3278180615032 37.1369984037238
511210209001939 H -80.32827946814629 37.1372155298508 511210209001941 H -80.3278180615032 37.1369984037238
511210209001979 H -80.3117396555886 37.12477266294549 51121020900511 H -80.3124230367035 37.125338411887796
511210209001979 H -80.3117396555886 37.12477266294549 51121020900538 H -80.3118460099454 37.1245079952163
511210209001998 H -80.3069586057322 37.133245209605896 511210209001448 H -80.3068557337 37.1331509144214
511210209002014 H -80.3091359352238 37.1282678410093 51121020900897 H -80.3090510576946 37.1280799456558
511210209002014 H -80.3091359352238 37.1282678410093 51121020900892 H -80.30951211312059 37.1283292912249
51121020900892 H -80.30951211312059 37.1283292912249 51121020900891 H -80.3097841988142 37.1283309303679
51121020900827 H -80.30739746718629 37.134433292403 511210214002091 H -80.3071842842154 37.1348533038811
511210209002037 H -80.3138205984937 37.1269607782737 51121020900845 H -80.3139344114332 37.127125760155295
511210209002037 H -80.3138205984937 37.1269607782737 51121020900905 H -80.3137748317104 37.1266963699668
51121020900845 H -80.3139344114332 37.127125760155295 51121020900844 H -80.3138969988585 37.127279321269
511210209002039 H -80.3205286930214 37.13911820023221 51121020900839 H -80.3208100321132 37.1387740045241
511210209001293 H -80.3197907580436 37.137230946714396 511210209001294 H -80.3198277079635 37.13712638029521
511210209002190 H -80.3197776286802 37.13848013802061 51121020900838 H -80.3200308764364 37.1387579354803
51121020900840 H -80.3221428847752 37.1387826344808 511210214002024 H -80.3221310955108 37.1385481031139
51121021400315 H -80.3223636285623 37.138955847687996 51121020900841 H -80.32262033835029 37.1389265524369
511210209001299 H -80.3161123585531 37.137582170701705 511210209001300 H -80.3164380835324 37.1374406520751
511210209001336 H -80.3135446306696 37.1378741847306 511210214001627 H -80.3134219036058 37.137932693004
51121021400603 H -80.2890793678226 37.1341628104555 51121021400607 H -80.2892763435401 37.1344827275183
51121021400600 H -80.2910893575899 37.135054980191896 51121021400605 H -80.29104497357591 37.135457608717104
51121021400525 H -80.2980577097283 37.1309569577666 51121021400522 H -80.2949166339507 37.1280689527879
51121021400583 H -80.3010727981638 37.1348397881385 51121021400585 H -80.3015158880832 37.13516437125849
51121021400584 H -80.2999846656738 37.134711829953 51121021400586 H -80.29930177098579 37.1351822444177
511210214001699 H -80.30555285552529 37.137187874534 51121021400613 H -80.3055627287597 37.1375251839493
51121020900829 H -80.3092987505816 37.1365948001025 51121020900830 H -80.3097346367103 37.136560559884295
511210209002099 H -80.30479436383669 37.1261005873694 511210209002173 H -80.3051772837313 37.12640339600121
511210209002099 H -80.30479436383669 37.1261005873694 51121020900384 H -80.3045417320442 37.1264287351258
511210209002173 H -80.3051772837313 37.12640339600121 51121020900782 H -80.30514735428692 37.1266122216375
51121020900847 H -80.31505297722991 37.127315369883 51121020900899 H -80.3152206987746 37.1277332012325
511210209002134 H -80.3109097473572 37.12716700983471 511210209001037 H -80.31204204055429 37.128719597754795
511210209001037 H -80.31204204055429 37.128719597754795 51121020900796 H -80.312157530885 37.1288047329856
51121021400475 H -80.30818555041441 37.1099277141473 51121021400476 H -80.30793493137709 37.109770730223104
511210209002162 H -80.32120638876358 37.131710013889496 511210209001042 H -80.3213893718366 37.1317922315514
511210209001042 H -80.3213893718366 37.1317922315514 51121020900914 H -80.32153168919021 37.1321824461661
511210209002177 H -80.306805396214 37.1295757076316 51121020900784 H -80.3064292946337 37.1294456280748
511210209002180 H -80.30980594411321 37.12553606582311 51121020900509 H -80.3098700070226 37.1255620880895
511210209002180 H -80.30980594411321 37.12553606582311 51121020900507 H -80.31043135597159 37.125008818676896
51121020900507 H -80.31043135597159 37.125008818676896 51121020900510 H -80.3107446949108 37.12514267116929
51121020900785 H -80.306663950369 37.1298458693829 51121020900786 H -80.3061665434158 37.1302341537929
511210209001452 H -80.3090838052964 37.1307349284119 511210209001455 H -80.3097024096008 37.1299519664091
511210209001450 H -80.30801122312491 37.1316294835581 511210209001454 H -80.3085673960884 37.131901425891
51121020900900 H -80.3150861287244 37.1280995382846 51121020900906 H -80.3148035196232 37.1278263230628
51121020900906 H -80.3148035196232 37.1278263230628 51121020900899 H -80.3152206987746 37.1277332012325
51121020900214 H -80.3003130752491 37.1130572159811 51121020900215 H -80.3005719201229 37.113157329177106
51121020900293 H -80.30997666941 37.116371808629204 51121020900294 H -80.3095616322587 37.115323354477894
51121020900294 H -80.3095616322587 37.115323354477894 51121020900295 H -80.3085185755004 37.1134472732634
511210214001627 H -80.3134219036058 37.137932693004 51121020900834 H -80.3133641856801 37.1381295341162
51121020900834 H -80.3133641856801 37.1381295341162 51121021400314 H -80.313100867085 37.137858763277706
511210214001637 H -80.3093453180475 37.100122868696296 51121021400448 H -80.3184079222566 37.1021298263676
51121020900801 H -80.31285080692841 37.126504893121705 51121020900802 H -80.3127629595849 37.1272989972423
51121020900506 H -80.3111002039965 37.125402709205396 51121020900504 H -80.3112233801443 37.125066314234296
51121020900505 H -80.3108361997993 37.1253966209026 51121020900510 H -80.3107446949108 37.12514267116929
511210214001647 H -80.2935478797813 37.111889429568 511210214002022 H -80.29385489781271 37.1120678487304
51121020900791 H -80.3073556969113 37.1279572311357 51121020900789 H -80.3073259753506 37.127852279426996
511210209001035 H -80.30773265568271 37.1282095117727 511210209001034 H -80.3088263975342 37.1289086325267
511210214001655 H -80.2971897302336 37.1260283289737 51121021400524 H -80.2969802814285 37.1259984866141
51121021400524 H -80.2969802814285 37.1259984866141 51121021400523 H -80.2970962286546 37.1260964568754
51121020900921 H -80.3208745586348 37.13040388046871 51121020900913 H -80.32086544060941 37.1308398966627
51121020900902 H -80.31677954916691 37.12812998931149 51121020900846 H -80.31606009884409 37.1272738146316
511210214001670 H -80.3199499130738 37.104437963466395 51121021400450 H -80.3198599644023 37.1048282979474
511210214001670 H -80.3199499130738 37.104437963466395 511210214001921 H -80.31904515552941 37.102582231237996
51121021400450 H -80.3198599644023 37.1048282979474 51121021400440 H -80.3209795668894 37.104913619204396
51121020900911 H -80.32029690139521 37.125697032333 51121020900915 H -80.3203413005674 37.126452367258295
51121020900919 H -80.3196487361044 37.1252534653684 51121020900908 H -80.3199125309268 37.1248301496642
51121020900910 H -80.3198294415623 37.123572443571796 51121020900917 H -80.3199472185045 37.12348272982821
51121020900378 H -80.2988629954391 37.116234681529605 51121020900379 H -80.3002020880954 37.116561984082
51121020900379 H -80.3002020880954 37.116561984082 51121020900380 H -80.3009454660912 37.1163182582385
511210214001694 H -80.32147914986541 37.101928353282 51121021400430 H -80.3220622136042 37.10197535913871
51121021400430 H -80.3220622136042 37.10197535913871 51121021400426 H -80.3239427557976 37.1006386813968
51121020900382 H -80.2996863815675 37.1228579191799 51121021400527 H -80.2980767456025 37.124900617379204
511210214001700 H -80.2951661641271 37.102175455131004 51121021400455 H -80.298446927452 37.10173676834221
511210214001700 H -80.2951661641271 37.102175455131004 51121021400454 H -80.2950584189975 37.10255436429209
51121021400454 H -80.2950584189975 37.10255436429209 511210214002201 H -80.2952482524342 37.1026038840198
51121021400441 H -80.3204367290824 37.1021909488661 51121021400439 H -80.3206170783606 37.1021971125891
51121021400471 H -80.3153516722913 37.1075013130241 51121021400466 H -80.3159758018343 37.1079423667454
51121021400473 H -80.3119827792628 37.109035790452 51121021400469 H -80.31317922736571 37.1084035350527
51121021400328 H -80.30060108520449 37.1272526186342 51121021400526 H -80.2977483646676 37.1291899479831
511210214001781 H -80.29894519374349 37.1352457813025 51121021400591 H -80.29947953911679 37.1354303276068
511210214001781 H -80.29894519374349 37.1352457813025 51121021400586 H -80.29930177098579 37.1351822444177
51121021400591 H -80.29947953911679 37.1354303276068 51121021400612 H -80.2995828036272 37.1374970330095
511210214001802 H -80.3193637173002 37.1008656967066 51121021400449 H -80.3185036072449 37.1009025312061
51121021400449 H -80.3185036072449 37.1009025312061 51121021400447 H -80.3183297548923 37.100971347130795
511210214001805 H -80.3051348856928 37.099283681634795 51121021400413 H -80.30485626047879 37.098915362449006
51121021400413 H -80.30485626047879 37.098915362449006 51121021400402 H -80.3050746542372 37.09882950136621
51121020900494 H -80.31366210346391 37.125305754189604 51121020900502 H -80.313583144409 37.1252929178134
51121020900497 H -80.3150818309207 37.1221199012353 51121020900500 H -80.31506811102159 37.122174142417705
51121020900501 H -80.3144408429106 37.1245769943359 51121020900503 H -80.3139280632777 37.1243950865355
511210214001812 H -80.29791637441791 37.0990640118097 51121021400406 H -80.29634495558679 37.099342334625604
511210214001812 H -80.29791637441791 37.0990640118097 51121021400403 H -80.29821844126909 37.09883073475361
51121021400403 H -80.29821844126909 37.09883073475361 51121021400401 H -80.2982641616708 37.098453447621296
51121020900504 H -80.3112233801443 37.125066314234296 51121020900537 H -80.3108865074851 37.12509982326571
51121020900537 H -80.3108865074851 37.12509982326571 51121020900539 H -80.3113301605352 37.1245897459336
511210214001826 H -80.3180593821878 37.100936822112295 51121021400447 H -80.3183297548923 37.100971347130795
511210214001836 H -80.2955191417033 37.1139625328304 51121021400346 H -80.2954925843018 37.11346239199821
51121021400506 H -80.2938424458009 37.1122293660701 511210214002260 H -80.2940487729468 37.1122053026143
511210214001904 H -80.3148736729097 37.1078544826821 51121021400467 H -80.3146279709571 37.1082386690071
51121021400467 H -80.3146279709571 37.1082386690071 51121021400468 H -80.3135022850128 37.1084296607304
51121021400526 H -80.2977483646676 37.1291899479831 511210214002106 H -80.2977820560515 37.1293237376685
511210214001965 H -80.2940375808948 37.1123969801506 511210214002260 H -80.2940487729468 37.1122053026143
511210214001968 H -80.29713042814191 37.1262211929755 51121021400523 H -80.2970962286546 37.1260964568754
511210214001968 H -80.29713042814191 37.1262211929755 51121021400528 H -80.2959535285147 37.1267570371893
51121021400401 H -80.2982641616708 37.098453447621296 51121021400414 H -80.2999453730198 37.0980483114997
51121021400402 H -80.3050746542372 37.09882950136621 51121021400415 H -80.3063901942101 37.099146234954
51121021400426 H -80.3239427557976 37.1006386813968 511210214002349 H -80.3237416338736 37.10000787731379
51121021400440 H -80.3209795668894 37.104913619204396 51121021400442 H -80.32138339888591 37.1045598722416
51121021400466 H -80.3159758018343 37.1079423667454 51121021400472 H -80.31632646203029 37.1070390709166
51121021400472 H -80.31632646203029 37.1070390709166 51121021400470 H -80.3167093442013 37.1067337926996
51121021400468 H -80.3135022850128 37.1084296607304 51121021400469 H -80.31317922736571 37.1084035350527
511210214002103 H -80.3133272844138 37.1376572090841 511210209001335 H -80.3131133244103 37.1375255872318
51121020900796 H -80.312157530885 37.1288047329856 51121020900800 H -80.31273122770891 37.128844107308296
51121020900800 H -80.31273122770891 37.128844107308296 511210209001038 H -80.3128698533061 37.1294115665666
51121020900797 H -80.31296481044329 37.127762890831214 51121020900798 H -80.31294538535971 37.1283264634729
51121020900797 H -80.31296481044329 37.127762890831214 51121020900802 H -80.3127629595849 37.1272989972423
51121020900798 H -80.31294538535971 37.1283264634729 51121020900803 H -80.3130520843271 37.1286897695746
51121020900846 H -80.31606009884409 37.1272738146316 51121020900848 H -80.31569266695291 37.1276929807947
51121020900848 H -80.31569266695291 37.1276929807947 51121020900903 H -80.315909332682 37.129170239312
51121020900903 H -80.315909332682 37.129170239312 51121020900901 H -80.31584234736079 37.12932733309621
511210214002179 H -80.2911989224493 37.1354331367811 51121021400605 H -80.29104497357591 37.135457608717104
511210214002179 H -80.2911989224493 37.1354331367811 51121021400601 H -80.2914742882222 37.13549855755571
51121020900917 H -80.3199472185045 37.12348272982821 51121020900918 H -80.3198579863282 37.123222919994895
51121020900915 H -80.3203413005674 37.126452367258295 51121020900920 H -80.32056522945621 37.1276147680092
51121020900913 H -80.32086544060941 37.1308398966627 511210209001040 H -80.32116385480741 37.130952382705296
511210209001040 H -80.32116385480741 37.130952382705296 511210209001047 H -80.3218806301871 37.131167289361
51121020900920 H -80.32056522945621 37.1276147680092 51121020900916 H -80.3204097065044 37.1291900277524
51121020900916 H -80.3204097065044 37.1291900277524 511210209001046 H -80.3235592258135 37.1280427502246
511210209001047 H -80.3218806301871 37.131167289361 511210209001044 H -80.3227682492204 37.1304608691797
511210209001449 H -80.3095002993252 37.129397875375204 511210209001455 H -80.3097024096008 37.1299519664091
511210209001454 H -80.3085673960884 37.131901425891 511210209001451 H -80.30890929725649 37.1317540635974
511210209001451 H -80.30890929725649 37.1317540635974 511210209001453 H -80.3091354186779 37.131146582875296
