51121112066 T -80.50787417966227 37.12869010346603 171513869 R -80.50731999999999 37.12876
51121112066 T -80.50787417966227 37.12869010346603 24865069 R -80.50843 37.12862
51121112066 T -80.50787417966227 37.12869010346603 51121021500529 H -80.5077851020534 37.129032849763
171513869 R -80.50731999999999 37.12876 872677719 R -80.50692 37.12883
171513869 R -80.50731999999999 37.12876 51121112048 T -80.50883045715378 37.12395399996526
24865069 R -80.50843 37.12862 335463662 R -80.50859 37.12862
51121112067 T -80.50611052974703 37.128966895704544 171514165 R -80.50556 37.129059999999996
51121112067 T -80.50611052974703 37.128966895704544 872677719 R -80.50692 37.12883
51121112067 T -80.50611052974703 37.128966895704544 51121021500531 H -80.5066596202541 37.130068473569295
171514165 R -80.50556 37.129059999999996 171513865 R -80.50571 37.12625
171514165 R -80.50556 37.129059999999996 51121112060 T -80.5044593453329 37.12924775873733
51121112068 T -80.5132273533668 37.130301258938964 24865395 R -80.51179 37.131009999999996
51121112068 T -80.5132273533668 37.130301258938964 51121021500530 H -80.5124595480072 37.12967942967371
24865395 R -80.51179 37.131009999999996 24865388 R -80.51411999999999 37.130959999999995
24865395 R -80.51179 37.131009999999996 24865398 R -80.50979 37.129
51121112059 T -80.50873014695345 37.12864437338321 335463662 R -80.50859 37.12862
51121112059 T -80.50873014695345 37.12864437338321 24865067 R -80.50928 37.12874
51121112059 T -80.50873014695345 37.12864437338321 51121021500533 H -80.5086742863403 37.1298381329313
24865067 R -80.50928 37.12874 24865398 R -80.50979 37.129
24865067 R -80.50928 37.12874 335463664 R -80.50961 37.12838
51121112073 T -80.51270775148694 37.126843715972754 171513461 R -80.51368000000001 37.12639
51121112073 T -80.51270775148694 37.126843715972754 171513464 R -80.51188 37.12723
51121112073 T -80.51270775148694 37.126843715972754 51121021500506 H -80.5128470141215 37.1268278660251
171513461 R -80.51368000000001 37.12639 51121112004 T -80.5140825265261 37.126203296207045
171513464 R -80.51188 37.12723 171513465 R -80.51118000000001 37.12766
171513464 R -80.51188 37.12723 275984602 R -80.51172 37.12682
171513865 R -80.50571 37.12625 51121112020 T -80.5059320060535 37.12437117099169
171513865 R -80.50571 37.12625 51121112023 T -80.50596769105286 37.124459725317
51121112020 T -80.5059320060535 37.12437117099169 51121112019 T -80.50614400201783 37.12257705699723
51121112020 T -80.5059320060535 37.12437117099169 51121021500468 H -80.5050225113119 37.1243428604521
51121112023 T -80.50596769105286 37.124459725317 51121021500480 H -80.5061002490108 37.1243096826646
51121112075 T -80.50971523072636 37.12833174132294 335463664 R -80.50961 37.12838
51121112075 T -80.50971523072636 37.12833174132294 171513465 R -80.51118000000001 37.12766
51121112075 T -80.50971523072636 37.12833174132294 51121021500509 H -80.50978509869441 37.1281815531573
51121112076 T -80.51647 37.1264 950153856 R -80.51647 37.1264
51121112076 T -80.51647 37.1264 950153858 R -80.51564 37.12677
51121112076 T -80.51647 37.1264 51121021500508 H -80.5162456898911 37.1265243398968
950153856 R -80.51647 37.1264 950153854 R -80.51645 37.12596
950153858 R -80.51564 37.12677 950159491 R -80.51541999999999 37.1267
51121112048 T -80.50883045715378 37.12395399996526 914979303 R -80.50886 37.12386
51121112048 T -80.50883045715378 37.12395399996526 51121021500464 H -80.50893727233809 37.123903144447
51121112077 T -80.499356773546 37.11792117409898 914976203 R -80.49758 37.12025
51121112077 T -80.499356773546 37.11792117409898 51121112078 T -80.49818350128658 37.11945898786982
51121112077 T -80.499356773546 37.11792117409898 51121021500540 H -80.49862908562879 37.11747782131621
914976203 R -80.49758 37.12025 914976143 R -80.49741999999999 37.12018
914976203 R -80.49758 37.12025 51121108641 T -80.49877466666666 37.124044
51121112078 T -80.49818350128658 37.11945898786982 511210215002520 H -80.4985167092294 37.11964909331829
51121104835 T -80.50445133333334 37.14904000000001 51121104834 T -80.50529666666667 37.14944000000001
51121104835 T -80.50445133333334 37.14904000000001 51121104836 T -80.50276066666666 37.14824
51121104835 T -80.50445133333334 37.14904000000001 5112102120080 H -80.5038712556188 37.1496132285202
51121104835 T -80.50445133333334 37.14904000000001 51121021500422 H -80.5052359067824 37.1473527357633
51121104834 T -80.50529666666667 37.14944000000001 51121104833 T -80.50614200000001 37.14984000000001
51121104834 T -80.50529666666667 37.14944000000001 5112102120022 H -80.504627902999 37.149586147959
51121104836 T -80.50276066666666 37.14824 51121104837 T -80.50191533333333 37.14784
51121104836 T -80.50276066666666 37.14824 511210212002679 H -80.50271513143329 37.1482706412036
51121112081 T -80.49920321373023 37.12817745161735 886006124 R -80.50014 37.12838
51121112081 T -80.49920321373023 37.12817745161735 171513919 R -80.49866 37.12806
51121112081 T -80.49920321373023 37.12817745161735 51121021500512 H -80.4991761350587 37.1283068829307
886006124 R -80.50014 37.12838 51121108643 T -80.49792133333334 37.121334000000004
886006124 R -80.50014 37.12838 24865559 R -80.5006 37.12984
171513919 R -80.49866 37.12806 51121112007 T -80.49821823268834 37.12629293075336
171513919 R -80.49866 37.12806 51121112056 T -80.4971884730868 37.12739781288906
51121112082 T -80.51456057092287 37.1270657145009 950159491 R -80.51541999999999 37.1267
51121112082 T -80.51456057092287 37.1270657145009 51121021500507 H -80.515033490135 37.12733514655179
915040275 R -80.50107 37.14744 51121104468 T -80.500388 37.14703400000001
915040275 R -80.50107 37.14744 51121104837 T -80.50191533333333 37.14784
915040275 R -80.50107 37.14744 51121112127 T -80.50156617527202 37.14722735345485
51121104468 T -80.500388 37.14703400000001 51121104467 T -80.49766 37.14541000000001
51121104468 T -80.500388 37.14703400000001 511210212001046 H -80.49874610452959 37.149368593945496
51121104837 T -80.50191533333333 37.14784 5112102120020 H -80.5022111795658 37.14807926339
51121112127 T -80.50156617527202 37.14722735345485 51121112128 T -80.50206235054404 37.1470147069097
51121112127 T -80.50156617527202 37.14722735345485 51121021500361 H -80.501183332925 37.147026819187296
51121112085 T -80.49186859825805 37.12981208959249 275984724 R -80.49238000000001 37.13
51121112085 T -80.49186859825805 37.12981208959249 171513980 R -80.49023000000001 37.12921
51121112085 T -80.49186859825805 37.12981208959249 51121021500526 H -80.49220692329008 37.1287750386604
275984724 R -80.49238000000001 37.13 51121110166 T -80.49238000000003 37.13
275984724 R -80.49238000000001 37.13 51121112047 T -80.49279072685809 37.12993849018068
171513980 R -80.49023000000001 37.12921 171513975 R -80.49041 37.128679999999996
171513980 R -80.49023000000001 37.12921 51121112017 T -80.48461133333333 37.12858466666667
51121104404 T -80.5189975177255 37.15230757840597 51121104403 T -80.51851167848366 37.15253505227064
51121104404 T -80.5189975177255 37.15230757840597 243542005 R -80.51754 37.15299
51121104404 T -80.5189975177255 37.15230757840597 5112102120069 H -80.51885446611891 37.15227947574471
51121104403 T -80.51851167848366 37.15253505227064 511210212002386 H -80.5189087465965 37.152827018442295
243542005 R -80.51754 37.15299 24865418 R -80.51745 37.15282
243542005 R -80.51754 37.15299 51121105091 T -80.517358 37.153547333333336
51121112087 T -80.49392717766196 37.12848673659445 171513958 R -80.49426 37.12885
51121112087 T -80.49392717766196 37.12848673659445 171513969 R -80.49262 37.12706
51121112087 T -80.49392717766196 37.12848673659445 51121021500524 H -80.4932886805823 37.128835296586296
171513958 R -80.49426 37.12885 171514229 R -80.49445 37.129690000000004
171513969 R -80.49262 37.12706 51121112088 T -80.4932962683514 37.1269158772366
171513969 R -80.49262 37.12706 171513966 R -80.49234 37.126290000000004
51121112089 T -80.51594572418583 37.12615984263747 950153854 R -80.51645 37.12596
51121112089 T -80.51594572418583 37.12615984263747 51121021500503 H -80.5160034937576 37.1259198995273
950153854 R -80.51645 37.12596 51121113357 T -80.5162 37.12555
51121112088 T -80.4932962683514 37.1269158772366 171513959 R -80.49384 37.1268
51121112088 T -80.4932962683514 37.1269158772366 51121021500501 H -80.49302326876209 37.12645258830779
171513959 R -80.49384 37.1268 171513953 R -80.49387 37.12638
51121109132 T -80.480552 37.136296 51121109131 T -80.480944 37.135902
51121109132 T -80.480552 37.136296 511210215002356 H -80.48056072858809 37.13608744830621
51121109131 T -80.480944 37.135902 51121109130 T -80.483688 37.133144
51121109131 T -80.480944 37.135902 51121021500457 H -80.4807389818239 37.1359986658443
51121109533 T -80.49215088593388 37.12418873259857 171513963 R -80.49207 37.123290000000004
51121109533 T -80.49215088593388 37.12418873259857 51121109534 T -80.49231265780159 37.1259861977957
51121109533 T -80.49215088593388 37.12418873259857 51121021500466 H -80.492212562268 37.1242487193564
171513963 R -80.49207 37.123290000000004 51121107739 T -80.49244293839116 37.123930210904824
51121109534 T -80.49231265780159 37.1259861977957 171513966 R -80.49234 37.126290000000004
51121109534 T -80.49231265780159 37.1259861977957 511210215003015 H -80.4920944653038 37.1259454286679
275983913 R -80.49255 37.13945 979752626 R -80.4923 37.14002
275983913 R -80.49255 37.13945 171514275 R -80.4926 37.138290000000005
979752626 R -80.4923 37.14002 51121112125 T -80.49192850440845 37.14035841721695
979752626 R -80.4923 37.14002 51121108914 T -80.493236 37.139772
171514275 R -80.4926 37.138290000000005 51121110094 T -80.49301754542002 37.13636929106789
171514275 R -80.4926 37.138290000000005 51121112035 T -80.49241133333331 37.137763333333346
171513913 R -80.49813 37.12594 51121112006 T -80.49664761799501 37.12578013527396
171513913 R -80.49813 37.12594 51121112007 T -80.49821823268834 37.12629293075336
51121112006 T -80.49664761799501 37.12578013527396 805721321 R -80.49609 37.12572
51121112006 T -80.49664761799501 37.12578013527396 51121021500500 H -80.49652087246069 37.1256423673066
51121112007 T -80.49821823268834 37.12629293075336 51121021500499 H -80.49793347245071 37.1262980884941
24865341 R -80.52371 37.13281 171513506 R -80.51907 37.13172
24865341 R -80.52371 37.13281 196301441 R -80.52112 37.13727
171513506 R -80.51907 37.13172 51121112052 T -80.51854099772659 37.13163877944893
196301441 R -80.52112 37.13727 196301459 R -80.52051 37.13912
51121112125 T -80.49192850440845 37.14035841721695 171514311 R -80.49084 37.14135
51121112125 T -80.49192850440845 37.14035841721695 511210215002733 H -80.49215298023151 37.140486127714
51121112125 T -80.49192850440845 37.14035841721695 51121021500390 H -80.4907065808533 37.1395266978894
171514311 R -80.49084 37.14135 51121104463 T -80.492886 37.142568
171514311 R -80.49084 37.14135 51121104305 T -80.48859200000003 37.14187800000001
51121112056 T -80.4971884730868 37.12739781288906 51121021500513 H -80.4967488139306 37.127760254239895
51121112128 T -80.50206235054404 37.1470147069097 51121021500423 H -80.5060843421614 37.145330803673
51121109057 T -80.47556424512923 37.13112052726787 24865591 R -80.47612 37.13105
51121109057 T -80.47556424512923 37.13112052726787 51121109058 T -80.47500849025846 37.131191054535726
51121109057 T -80.47556424512923 37.13112052726787 51121021500425 H -80.4755060840242 37.1310277740696
24865591 R -80.47612 37.13105 51121110181 T -80.48236666666666 37.130896666666665
24865591 R -80.47612 37.13105 51121112050 T -80.47612 37.13105
51121109058 T -80.47500849025846 37.131191054535726 215656655 R -80.47415 37.1313
51121109058 T -80.47500849025846 37.131191054535726 511210215003257 H -80.4750415851632 37.131016715493395
51121109058 T -80.47500849025846 37.131191054535726 51121021500426 H -80.47515214854658 37.1312587217043
171514434 R -80.48604 37.13078 51121109128 T -80.485648 37.131174
171514434 R -80.48604 37.13078 51121112046 T -80.48659887096763 37.13072760584679
171514434 R -80.48604 37.13078 51121112055 T -80.48549 37.13082
51121109128 T -80.485648 37.131174 51121109129 T -80.485256 37.131568
51121109128 T -80.485648 37.131174 51121021500455 H -80.4853642560516 37.131288521522606
51121112046 T -80.48659887096763 37.13072760584679 335463612 R -80.487 37.13069
51121112046 T -80.48659887096763 37.13072760584679 51121021500434 H -80.4864361897999 37.13051547510221
51121112055 T -80.48549 37.13082 24865583 R -80.48549 37.13082
51121112055 T -80.48549 37.13082 51121021500528 H -80.4858776198413 37.1304443111541
215656655 R -80.47415 37.1313 51121112028 T -80.47137585656793 37.131675391533435
335463612 R -80.487 37.13069 171514259 R -80.48977 37.130390000000006
335463612 R -80.487 37.13069 51121112051 T -80.487 37.13069
914985547 R -80.47519 37.12523 51121108692 T -80.47518877099417 37.12514151158006
914985547 R -80.47519 37.12523 51121112016 T -80.47616016342425 37.12568654749376
51121108692 T -80.47518877099417 37.12514151158006 914985548 R -80.47516999999999 37.12379
51121108692 T -80.47518877099417 37.12514151158006 511210215003146 H -80.4752031718379 37.1251288711164
51121108692 T -80.47518877099417 37.12514151158006 51121021500465 H -80.47507851101629 37.1252393792589
51121112016 T -80.47616016342425 37.12568654749376 51121021500485 H -80.4757769009925 37.126009337909004
914985548 R -80.47516999999999 37.12379 914985600 R -80.47471 37.123540000000006
914985548 R -80.47516999999999 37.12379 51121108718 T -80.4757088137842 37.12391971442953
914985600 R -80.47471 37.123540000000006 914985601 R -80.47416 37.12506
914985600 R -80.47471 37.123540000000006 51121108927 T -80.47428674534787 37.12238462919285
51121108718 T -80.4757088137842 37.12391971442953 511210215003136 H -80.47647662621341 37.122270605114295
51121110093 T -80.49321052725202 37.13548157464073 51121110094 T -80.49301754542002 37.13636929106789
51121110093 T -80.49321052725202 37.13548157464073 511210215003371 H -80.4927723937979 37.1353616953254
51121110094 T -80.49301754542002 37.13636929106789 511210215003335 H -80.49336620065421 37.136400999913796
51121104463 T -80.492886 37.142568 51121104464 T -80.49356800000002 37.142974
51121104463 T -80.492886 37.142568 51121021500414 H -80.493026530197 37.1422008953574
51121104464 T -80.49356800000002 37.142974 51121104465 T -80.49425000000002 37.14338
51121104464 T -80.49356800000002 37.142974 511210215002942 H -80.4931649245643 37.14395695638329
51121104465 T -80.49425000000002 37.14338 51121104466 T -80.496978 37.145004
51121104465 T -80.49425000000002 37.14338 51121021500415 H -80.4936946244705 37.1436036798549
51121104466 T -80.496978 37.145004 51121104467 T -80.49766 37.14541000000001
51121104466 T -80.496978 37.145004 51121021500418 H -80.49608872617621 37.1464805413014
51121104467 T -80.49766 37.14541000000001 51121021500419 H -80.49939394740791 37.1435087139245
51121104467 T -80.49766 37.14541000000001 511210215003400 H -80.49619693363309 37.14685657496821
171513439 R -80.51603 37.1253 51121112001 T -80.51707302288884 37.124961807729996
171513439 R -80.51603 37.1253 51121112004 T -80.5140825265261 37.126203296207045
171513439 R -80.51603 37.1253 51121112025 T -80.51603 37.1253
51121112001 T -80.51707302288884 37.124961807729996 51121112002 T -80.51811604577766 37.12462361545997
51121112001 T -80.51707302288884 37.124961807729996 51121021500491 H -80.5171665496277 37.1250937130518
51121112004 T -80.5140825265261 37.126203296207045 51121021500492 H -80.51398293515341 37.12626301613079
51121112025 T -80.51603 37.1253 950153852 R -80.5162 37.12555
51121112025 T -80.51603 37.1253 51121021500488 H -80.51614391483001 37.1254918849812
171513953 R -80.49387 37.12638 51121112000 T -80.49439747102757 37.1262231842891
51121112000 T -80.49439747102757 37.1262231842891 805721321 R -80.49609 37.12572
51121112000 T -80.49439747102757 37.1262231842891 51121021500494 H -80.4942724302403 37.1262024913029
171514229 R -80.49445 37.129690000000004 51121112047 T -80.49279072685809 37.12993849018068
171514229 R -80.49445 37.129690000000004 51121108971 T -80.4955748417118 37.129717435163705
914976143 R -80.49741999999999 37.12018 51121107737 T -80.49686 37.11935
51121108641 T -80.49877466666666 37.124044 51121108642 T -80.498604 37.123502
51121108641 T -80.49877466666666 37.124044 511210215002433 H -80.4985793537138 37.1238541471697
51121111657 T -80.5148598246178 37.153289150051954 338857623 R -80.51581 37.15316
51121111657 T -80.5148598246178 37.153289150051954 51121111658 T -80.51541473692669 37.15321372507793
51121111657 T -80.5148598246178 37.153289150051954 511210212001056 H -80.5150602868733 37.154231752835
338857623 R -80.51581 37.15316 51121108721 T -80.51636025116774 37.1530459235384
51121111658 T -80.51541473692669 37.15321372507793 171513638 R -80.51375 37.15344
51121111658 T -80.51541473692669 37.15321372507793 51121021500357 H -80.5149216429195 37.1504235717842
171513638 R -80.51375 37.15344 51121104830 T -80.51205933333334 37.15264000000001
171513638 R -80.51375 37.15344 51121104883 T -80.51276052888826 37.15386971316853
24865388 R -80.51411999999999 37.130959999999995 51121112052 T -80.51854099772659 37.13163877944893
51121112052 T -80.51854099772659 37.13163877944893 51121021500439 H -80.51863745766721 37.1327705138781
51121107739 T -80.49244293839116 37.123930210904824 511210215002397 H -80.49309433880859 37.123616408855604
275984602 R -80.51172 37.12682 335463659 R -80.51161 37.12644
950153852 R -80.5162 37.12555 950153860 R -80.51477 37.12617
950153852 R -80.5162 37.12555 51121113357 T -80.5162 37.12555
950153860 R -80.51477 37.12617 51121108693 T -80.5139950714398 37.126823371139004
950153860 R -80.51477 37.12617 51121108902 T -80.51477 37.12617
51121113357 T -80.5162 37.12555 511210215002355 H -80.5163659385819 37.1255275492186
196301459 R -80.52051 37.13912 196301457 R -80.52141999999999 37.13892
196301443 R -80.52286 37.13812 196301452 R -80.52235999999999 37.13879
196301443 R -80.52286 37.13812 196301464 R -80.52398000000001 37.139340000000004
196301452 R -80.52235999999999 37.13879 196301457 R -80.52141999999999 37.13892
196301464 R -80.52398000000001 37.139340000000004 35619 S -80.53765692 37.14550364
51121108693 T -80.5139950714398 37.126823371139004 511210215003139 H -80.5141693186202 37.1267729861239
51121108902 T -80.51477 37.12617 51121108903 T -80.51379688304651 37.12662251940636
51121108902 T -80.51477 37.12617 51121021500504 H -80.5145828106193 37.1261626867247
24865418 R -80.51745 37.15282 51121108721 T -80.51636025116774 37.1530459235384
51121108721 T -80.51636025116774 37.1530459235384 511210215003114 H -80.5148793484286 37.1475716536905
51121110152 T -80.49653091177875 37.12604090028867 51121110151 T -80.49778 37.12695
51121110152 T -80.49653091177875 37.12604090028867 805721321 R -80.49609 37.12572
51121110152 T -80.49653091177875 37.12604090028867 511210215003387 H -80.49654841955379 37.126197888830106
51121110151 T -80.49778 37.12695 51121021500498 H -80.4976741911437 37.1267123026616
51121109129 T -80.485256 37.131568 51121109130 T -80.483688 37.133144
51121109129 T -80.485256 37.131568 511210215002889 H -80.48544874462058 37.1316191259877
51121110166 T -80.49238000000003 37.13 171514259 R -80.48977 37.130390000000006
51121110166 T -80.49238000000003 37.13 511210215003356 H -80.49224774833 37.1301454379718
171514259 R -80.48977 37.130390000000006 51121112031 T -80.490336 37.13197
171514522 R -80.46676 37.1323 51121112029 T -80.46804688444945 37.132125861373545
171514522 R -80.46676 37.1323 51121112044 T -80.46676 37.1323
51121112029 T -80.46804688444945 37.132125861373545 51121112028 T -80.47137585656793 37.131675391533435
51121112029 T -80.46804688444945 37.132125861373545 51121021500428 H -80.4682950286658 37.132058830363604
51121112044 T -80.46676 37.1323 51121112045 T -80.4681153152121 37.13032595393019
51121112044 T -80.46676 37.1323 51121021500429 H -80.4666533267537 37.13204506207129
51121108642 T -80.498604 37.123502 51121108643 T -80.49792133333334 37.121334000000004
51121108642 T -80.498604 37.123502 511210215002391 H -80.4984254102459 37.123364861188605
51121108642 T -80.498604 37.123502 51121021500462 H -80.4987899002973 37.1234954588344
51121108643 T -80.49792133333334 37.121334000000004 51121021500336 H -80.4969158760022 37.121805566985
51121110181 T -80.48236666666666 37.130896666666665 24865583 R -80.48549 37.13082
51121110181 T -80.48236666666666 37.130896666666665 51121021500442 H -80.4822821441288 37.1305820361905
51121110181 T -80.48236666666666 37.130896666666665 51121021500445 H -80.4826864951885 37.13173519297779
51121108646 T -80.47067599999998 37.12822533333333 51121108645 T -80.47241 37.12814333333333
51121108646 T -80.47067599999998 37.12822533333333 511210215003172 H -80.4710019737361 37.1289949952008
51121108645 T -80.47241 37.12814333333333 171514159 R -80.46951999999999 37.12828
51121108645 T -80.47241 37.12814333333333 511210215003189 H -80.4722767314336 37.129219816207396
171514159 R -80.46951999999999 37.12828 51121112005 T -80.47017653282609 37.12785285816133
171514159 R -80.46951999999999 37.12828 51121112045 T -80.4681153152121 37.13032595393019
51121108426 T -80.51092 37.12059 51121108427 T -80.50889276805883 37.12380798468332
51121108426 T -80.51092 37.12059 511210215001532 H -80.51547149816959 37.116466880112796
51121108427 T -80.50889276805883 37.12380798468332 914979303 R -80.50886 37.12386
51121108427 T -80.50889276805883 37.12380798468332 511210215002878 H -80.5090634296624 37.123881598294396
51121108914 T -80.493236 37.139772 51121108913 T -80.49417199999999 37.139524
51121108914 T -80.493236 37.139772 51121021500376 H -80.4938265046506 37.1407547840584
51121112051 T -80.487 37.13069 51121021500433 H -80.48703452731259 37.1306127265672
51121105090 T -80.516994 37.154662 51121105091 T -80.517358 37.153547333333336
51121105090 T -80.516994 37.154662 511210212001045 H -80.5163305016212 37.15426357741861
51121105091 T -80.517358 37.153547333333336 511210212001057 H -80.5175463214812 37.1529970230144
51121112047 T -80.49279072685809 37.12993849018068 51121021500432 H -80.492406440625 37.1300073023395
51121112028 T -80.47137585656793 37.131675391533435 51121021500427 H -80.47153970632691 37.131649431807396
275984594 R -80.51315 37.12474 275984603 R -80.5131 37.12513
275984594 R -80.51315 37.12474 51121112009 T -80.51315 37.12474
275984603 R -80.5131 37.12513 51121112010 T -80.5124242627279 37.125455507588384
51121112009 T -80.51315 37.12474 51121021500470 H -80.51306410897351 37.1245903635404
275984595 R -80.51146 37.12592 335463659 R -80.51161 37.12644
275984595 R -80.51146 37.12592 51121112010 T -80.5124242627279 37.125455507588384
275984595 R -80.51146 37.12592 51121113391 T -80.51187778966205 37.125628288875035
51121112010 T -80.5124242627279 37.125455507588384 51121021500476 H -80.51218716813729 37.1255113515888
51121112010 T -80.5124242627279 37.125455507588384 51121021500458 H -80.5125400391203 37.125535829999
51121113391 T -80.51187778966205 37.125628288875035 511210215002398 H -80.5118069738375 37.1255908124221
171514088 R -80.47317 37.11797 914987313 R -80.47334000000001 37.118179999999995
171514088 R -80.47317 37.11797 51121107719 T -80.47317 37.11797
171514088 R -80.47317 37.11797 51121108450 T -80.47481266666666 37.11352733333333
914987313 R -80.47334000000001 37.118179999999995 51121107734 T -80.47346583530731 37.11884712686736
51121107719 T -80.47317 37.11797 51121107720 T -80.47231501952984 37.11913535009288
51121107719 T -80.47317 37.11797 51121021500549 H -80.4724683291216 37.117691576130206
51121108450 T -80.47481266666666 37.11352733333333 51121108451 T -80.47340466666667 37.11733533333333
51121108450 T -80.47481266666666 37.11352733333333 511210215001518 H -80.4760491998147 37.1135461810704
171514105 R -80.47397 37.121520000000004 51121107727 T -80.47321999693129 37.12126196681572
171514105 R -80.47397 37.121520000000004 51121107734 T -80.47346583530731 37.11884712686736
171514105 R -80.47397 37.121520000000004 51121108926 T -80.47412837267395 37.12195231459643
51121107727 T -80.47321999693129 37.12126196681572 51121107726 T -80.47063538272695 37.12037274880968
51121107727 T -80.47321999693129 37.12126196681572 51121021500341 H -80.4733172505862 37.121385304012
51121107734 T -80.47346583530731 37.11884712686736 51121021500552 H -80.47482241809041 37.1187126313556
51121108926 T -80.47412837267395 37.12195231459643 51121108927 T -80.47428674534787 37.12238462919285
51121108926 T -80.47412837267395 37.12195231459643 51121021500345 H -80.4750608264099 37.1216068366812
51121107720 T -80.47231501952984 37.11913535009288 511210215002802 H -80.47216986271471 37.1188828590783
51121107720 T -80.47231501952984 37.11913535009288 51121021500556 H -80.4727369321876 37.119076276514896
171514121 R -80.47367 37.12558 914985601 R -80.47416 37.12506
171514121 R -80.47367 37.12558 51121112005 T -80.47017653282609 37.12785285816133
171514121 R -80.47367 37.12558 51121112542 T -80.47509642570479 37.12630268027964
914985601 R -80.47416 37.12506 51121112039 T -80.47359738518166 37.12505519132634
51121112005 T -80.47017653282609 37.12785285816133 51121021500496 H -80.4695130294663 37.127224859491
51121112542 T -80.47509642570479 37.12630268027964 51121112543 T -80.47557190093973 37.126543573706186
51121112542 T -80.47509642570479 37.12630268027964 511210215002978 H -80.4750244312969 37.1265955647876
51121104885 T -80.5107815866648 37.15472913950557 51121104884 T -80.5122657933324 37.15408456975279
51121104885 T -80.5107815866648 37.15472913950557 51121104886 T -80.50929737999722 37.15537370925836
51121104885 T -80.5107815866648 37.15472913950557 511210212002257 H -80.5109592404306 37.15521353515821
51121104884 T -80.5122657933324 37.15408456975279 51121104883 T -80.51276052888826 37.15386971316853
51121104884 T -80.5122657933324 37.15408456975279 511210212001053 H -80.51186983260209 37.153956998346295
51121104886 T -80.50929737999722 37.15537370925836 511210212001068 H -80.50946318619529 37.15576059698221
51121107724 T -80.46701692284087 37.11912784360121 51121107725 T -80.47011845988608 37.12019490520847
51121107724 T -80.46701692284087 37.11912784360121 51121021500333 H -80.46706715238379 37.1188401970819
51121107725 T -80.47011845988608 37.12019490520847 51121107726 T -80.47063538272695 37.12037274880968
51121107725 T -80.47011845988608 37.12019490520847 511210215002763 H -80.4702448724754 37.1202199191746
51121107726 T -80.47063538272695 37.12037274880968 51121021500340 H -80.4702595405959 37.120806255854895
51121107730 T -80.52184207864302 37.123477656385106 24865060 R -80.51973000000001 37.1241
51121107730 T -80.52184207864302 37.123477656385106 51121107731 T -80.52237009830378 37.12332207048139
51121107730 T -80.52184207864302 37.123477656385106 511210215002732 H -80.52181358556709 37.1237282680411
24865060 R -80.51973000000001 37.1241 24865063 R -80.51933000000001 37.12423
51121107731 T -80.52237009830378 37.12332207048139 51121107732 T -80.52395415728603 37.12285531277024
51121107731 T -80.52237009830378 37.12332207048139 51121021500349 H -80.522573906007 37.123129096149505
51121107731 T -80.52237009830378 37.12332207048139 51121021500350 H -80.522708024753 37.1236958819148
51121107732 T -80.52395415728603 37.12285531277024 51121107733 T -80.52448217694679 37.12269972686651
51121107732 T -80.52395415728603 37.12285531277024 51121021500351 H -80.5240260198133 37.1235113853276
51121107733 T -80.52448217694679 37.12269972686651 51121021500561 H -80.52266545038309 37.119088043454596
51121108927 T -80.47428674534787 37.12238462919285 51121021500347 H -80.4735365384364 37.1224213747744
24865559 R -80.5006 37.12984 275984664 R -80.50216 37.12964
24865559 R -80.5006 37.12984 51121108973 T -80.49951178770311 37.129813458236654
24865559 R -80.5006 37.12984 51121112008 T -80.50115528027459 37.12991284617463
275984664 R -80.50216 37.12964 51121112011 T -80.50182421684195 37.12877998395235
275984664 R -80.50216 37.12964 51121112060 T -80.5044593453329 37.12924775873733
51121108973 T -80.49951178770311 37.129813458236654 51121108972 T -80.4989493668472 37.12979974065481
51121108973 T -80.49951178770311 37.129813458236654 511210215003375 H -80.49923913266521 37.129797291739294
51121112008 T -80.50115528027459 37.12991284617463 51121021500495 H -80.5011127586243 37.1307943216756
51121112011 T -80.50182421684195 37.12877998395235 51121112012 T -80.50148843368392 37.12791996790469
51121112011 T -80.50182421684195 37.12877998395235 51121021500522 H -80.5025895798674 37.1285024400749
51121112060 T -80.5044593453329 37.12924775873733 51121021500532 H -80.5044523388828 37.129213959396
171513975 R -80.49041 37.128679999999996 51121109500 T -80.49011133333333 37.128146
51121109500 T -80.49011133333333 37.128146 51121109499 T -80.48921533333333 37.126544
51121109500 T -80.49011133333333 37.128146 51121021500510 H -80.490458848427 37.12800699564271
51121107737 T -80.49686 37.11935 51121021500558 H -80.49563829282752 37.1199739651975
51121112039 T -80.47359738518166 37.12505519132634 51121021500460 H -80.473383853977 37.1249211981547
24865063 R -80.51933000000001 37.12423 51121112003 T -80.51863755722208 37.12445451932496
51121104830 T -80.51205933333334 37.15264000000001 51121104831 T -80.50952333333333 37.15144
51121104830 T -80.51205933333334 37.15264000000001 511210212002615 H -80.5123175546597 37.1522191023355
51121104830 T -80.51205933333334 37.15264000000001 511210212001052 H -80.5123565149195 37.152427740385896
51121104883 T -80.51276052888826 37.15386971316853 511210212001072 H -80.5136780558589 37.1552767714211
51121112003 T -80.51863755722208 37.12445451932496 51121112002 T -80.51811604577766 37.12462361545997
51121112003 T -80.51863755722208 37.12445451932496 51121021500474 H -80.5184103147258 37.12447825900061
51121112017 T -80.48461133333333 37.12858466666667 51121021500521 H -80.4843255285412 37.1280031572408
51121112045 T -80.4681153152121 37.13032595393019 51121021500424 H -80.4684701790148 37.130228546602
51121112050 T -80.47612 37.13105 51121021500431 H -80.4761354181614 37.1309746152428
51121104831 T -80.50952333333333 37.15144 51121104832 T -80.50783266666667 37.15064
51121104831 T -80.50952333333333 37.15144 5112102120025 H -80.5101452529107 37.1499666015109
51121108972 T -80.4989493668472 37.12979974065481 51121021500435 H -80.4989103381881 37.1299615898226
51121108972 T -80.4989493668472 37.12979974065481 51121021500436 H -80.4988107891568 37.1306982033438
51121108971 T -80.4955748417118 37.129717435163705 51121021500525 H -80.4958370952531 37.129587935187295
51121112031 T -80.490336 37.13197 51121112032 T -80.49071333333333 37.13302333333334
51121112031 T -80.490336 37.13197 511210215002495 H -80.49008486873541 37.1318560911393
51121112031 T -80.490336 37.13197 51121021500453 H -80.4910130107977 37.1319175612122
51121112035 T -80.49241133333331 37.137763333333346 51121112034 T -80.49146800000001 37.13513
51121112035 T -80.49241133333331 37.137763333333346 51121021500383 H -80.4905556833301 37.1383512663237
51121108903 T -80.51379688304651 37.12662251940636 511210215003215 H -80.5137622350675 37.126643560653
51121109496 T -80.48622866666669 37.12120400000001 51121109497 T -80.48742333333334 37.12334
51121109496 T -80.48622866666669 37.12120400000001 51121021500353 H -80.4856673463575 37.12110199005321
51121109497 T -80.48742333333334 37.12334 51121109498 T -80.48831933333334 37.124942
51121109497 T -80.48742333333334 37.12334 511210215002762 H -80.48724736723909 37.1231678493532
51121108905 T -80.50634000000002 37.1363 51121108906 T -80.50540400000001 37.136548
51121108905 T -80.50634000000002 37.1363 51121021500407 H -80.5066637672277 37.1362581702388
51121108906 T -80.50540400000001 37.136548 51121108907 T -80.504468 37.136796000000004
51121108906 T -80.50540400000001 37.136548 511210215002865 H -80.5064657723595 37.1384579671922
51121108907 T -80.504468 37.136796000000004 51121108908 T -80.50353199999999 37.137044
51121108907 T -80.504468 37.136796000000004 51121021500405 H -80.50452204982109 37.136862570574
51121108907 T -80.504468 37.136796000000004 511210215003209 H -80.5044739475752 37.136082150653294
51121108908 T -80.50353199999999 37.137044 51121108909 T -80.50166 37.13754
51121108908 T -80.50353199999999 37.137044 51121021500387 H -80.5044101394637 37.138799999032
51121108909 T -80.50166 37.13754 51121108910 T -80.500724 37.137788
51121108909 T -80.50166 37.13754 51121021500380 H -80.5017595904163 37.137583743384795
51121108910 T -80.500724 37.137788 51121108911 T -80.498852 37.138284000000006
51121108910 T -80.500724 37.137788 51121021500406 H -80.5008949260892 37.1376016226706
51121108911 T -80.498852 37.138284000000006 51121108912 T -80.495108 37.139276
51121108911 T -80.498852 37.138284000000006 511210215002361 H -80.4990445567482 37.1389030148461
51121108912 T -80.495108 37.139276 51121108913 T -80.49417199999999 37.139524
51121108912 T -80.495108 37.139276 51121021500369 H -80.4947483320943 37.138998970178
51121108913 T -80.49417199999999 37.139524 51121021500370 H -80.493647967163 37.13941934572679
51121104305 T -80.48859200000003 37.14187800000001 51121104304 T -80.48784266666667 37.142053999999995
51121104305 T -80.48859200000003 37.14187800000001 511210212007 H -80.4889310217517 37.1426902217135
51121104304 T -80.48784266666667 37.142053999999995 511210215002675 H -80.4875827129026 37.1422536637461
51121104304 T -80.48784266666667 37.142053999999995 511210212002572 H -80.4879426132428 37.141944366451895
51121104304 T -80.48784266666667 37.142053999999995 51121021500366 H -80.48744893585179 37.1420305532614
51121109498 T -80.48831933333334 37.124942 51121109499 T -80.48921533333333 37.126544
51121109498 T -80.48831933333334 37.124942 511210215002505 H -80.4881261125103 37.1248258942178
51121109499 T -80.48921533333333 37.126544 51121021500477 H -80.4902086471152 37.1259097496876
51121104832 T -80.50783266666667 37.15064 51121104833 T -80.50614200000001 37.14984000000001
51121104832 T -80.50783266666667 37.15064 5112102120024 H -80.507901079079 37.15126762911221
51121104832 T -80.50783266666667 37.15064 51121021500362 H -80.5093306602822 37.147861923387396
51121104833 T -80.50614200000001 37.14984000000001 5112102120023 H -80.5055695561238 37.149944454088796
51121104833 T -80.50614200000001 37.14984000000001 511210212002681 H -80.50550342599959 37.150163037058
51121112002 T -80.51811604577766 37.12462361545997 511210215002457 H -80.5179350927118 37.12461020176271
51121109130 T -80.483688 37.133144 511210215002618 H -80.4823226111379 37.1325579893631
51121109130 T -80.483688 37.133144 51121021500454 H -80.4838205903342 37.13351254939821
51121112012 T -80.50148843368392 37.12791996790469 51121112013 T -80.50132054210488 37.127489959880855
51121112012 T -80.50148843368392 37.12791996790469 51121021500515 H -80.5014269200126 37.127877471489796
51121112013 T -80.50132054210488 37.127489959880855 51121021500502 H -80.50280627709229 37.1266289575222
51121112018 T -80.50625 37.12168 51121112019 T -80.50614400201783 37.12257705699723
51121112018 T -80.50625 37.12168 51121021500334 H -80.50549874162981 37.121418534871204
51121112019 T -80.50614400201783 37.12257705699723 511210215002470 H -80.5055239316255 37.1224255620894
51121112019 T -80.50614400201783 37.12257705699723 51121021500463 H -80.5072336402167 37.12283414095521
51121112543 T -80.47557190093973 37.126543573706186 511210215002417 H -80.4757985581702 37.1262648621389
51121112032 T -80.49071333333333 37.13302333333334 51121112033 T -80.49127933333331 37.134603333333345
51121112032 T -80.49071333333333 37.13302333333334 51121021500391 H -80.48972873078179 37.133449736391796
51121112033 T -80.49127933333331 37.134603333333345 51121112034 T -80.49146800000001 37.13513
51121112033 T -80.49127933333331 37.134603333333345 511210215002701 H -80.4903054902325 37.1348546981128
51121112034 T -80.49146800000001 37.13513 511210215002351 H -80.4921398029462 37.1350460469981
51121108451 T -80.47340466666667 37.11733533333333 511210215002427 H -80.472721900271 37.1172273968984
511210215003211 H -80.47805364214959 37.1174619153281 51121021500547 H -80.4778928304467 37.1174161478409
51121021500547 H -80.4778928304467 37.1174161478409 511210215001523 H -80.47653827016859 37.1141209500859
51121021500425 H -80.4755060840242 37.1310277740696 511210215003310 H -80.47592198640099 37.1306123178375
511210215003257 H -80.4750415851632 37.131016715493395 51121021500519 H -80.4743476721445 37.1298960680313
51121021500454 H -80.4838205903342 37.13351254939821 511210215003040 H -80.4841066586788 37.133661297566704
511210215002356 H -80.48056072858809 37.13608744830621 51121021500400 H -80.47803705709721 37.1366793127816
511210212001057 H -80.5175463214812 37.1529970230144 511210212001097 H -80.51850071310929 37.1543876274307
511210215002352 H -80.5169432569814 37.115461650515 511210215001531 H -80.5168302851191 37.1154891842472
511210215001531 H -80.5168302851191 37.1154891842472 511210215002860 H -80.5155808533473 37.1161530474734
51121021500400 H -80.47803705709721 37.1366793127816 51121021500396 H -80.47716327247109 37.136345204741296
511210215002361 H -80.4990445567482 37.1389030148461 51121021500368 H -80.4992737645294 37.139063228348
51121021500368 H -80.4992737645294 37.139063228348 51121021500389 H -80.49936670848041 37.1396169110149
511210215002362 H -80.47769500129841 37.119860136519 511210215002534 H -80.4776568730809 37.1196718025519
511210215002534 H -80.4776568730809 37.1196718025519 51121021500548 H -80.4774487735338 37.1194155760756
511210215002364 H -80.4769651930272 37.135812535095404 51121021500395 H -80.4766950592027 37.1356649942773
511210215002364 H -80.4769651930272 37.135812535095404 51121021500396 H -80.47716327247109 37.136345204741296
511210215002393 H -80.5069808031423 37.1300774720561 51121021500531 H -80.5066596202541 37.130068473569295
511210215002397 H -80.49309433880859 37.123616408855604 51121021500493 H -80.4927289098966 37.1231609507406
51121021500493 H -80.4927289098966 37.1231609507406 51121021500489 H -80.49234974182009 37.12300475486421
511210215002457 H -80.5179350927118 37.12461020176271 51121021500471 H -80.5176392505658 37.124615275784286
511210212002140 H -80.49466631968559 37.1520771565527 5112102120055 H -80.49594096024991 37.148278724021395
5112102120055 H -80.49594096024991 37.148278724021395 511210212002709 H -80.4957122910471 37.1480079043407
511210215002464 H -80.5050537951571 37.1213033176143 51121021500334 H -80.50549874162981 37.121418534871204
511210215002464 H -80.5050537951571 37.1213033176143 511210215002989 H -80.50437342855271 37.1210529112314
511210215002989 H -80.50437342855271 37.1210529112314 511210215002537 H -80.50420410538209 37.1209912105658
511210215002466 H -80.49905770611309 37.128749929027705 51121021500512 H -80.4991761350587 37.1283068829307
511210212002146 H -80.5185605912262 37.1545072190491 511210212001097 H -80.51850071310929 37.1543876274307
511210215002470 H -80.5055239316255 37.1224255620894 51121021500352 H -80.50516931930309 37.1223675135087
51121021500352 H -80.50516931930309 37.1223675135087 51121021500343 H -80.5048350989876 37.1218497216049
511210215002485 H -80.5123505454573 37.1503218630544 51121021500358 H -80.5122633959958 37.150195196502295
511210215002485 H -80.5123505454573 37.1503218630544 51121021500359 H -80.5128929927028 37.150329500968795
51121021500358 H -80.5122633959958 37.150195196502295 5112102120025 H -80.5101452529107 37.1499666015109
51121021500359 H -80.5128929927028 37.150329500968795 51121021500356 H -80.5136415913291 37.149897639089396
511210215002490 H -80.50743943229129 37.12928053300421 51121021500529 H -80.5077851020534 37.129032849763
511210215002495 H -80.49008486873541 37.1318560911393 51121021500452 H -80.4897449032785 37.131943512287606
511210215002503 H -80.48697829052759 37.1306546299231 51121021500434 H -80.4864361897999 37.13051547510221
511210215002505 H -80.4881261125103 37.1248258942178 51121021500479 H -80.4880862514556 37.1247208043404
51121021500479 H -80.4880862514556 37.1247208043404 511210215003030 H -80.4855194257729 37.1252982157018
511210215002520 H -80.4985167092294 37.11964909331829 51121021500339 H -80.4984622954413 37.11975881182921
51121021500548 H -80.4774487735338 37.1194155760756 51121021500552 H -80.47482241809041 37.1187126313556
511210215002537 H -80.50420410538209 37.1209912105658 51121021500342 H -80.5037780346481 37.120806784082
511210212002225 H -80.500472668874 37.1526203649819 511210212001047 H -80.5007123985116 37.1524685593597
511210212001047 H -80.5007123985116 37.1524685593597 5112102120079 H -80.5022050869073 37.151589148039896
511210215002549 H -80.5095180218428 37.1432414418143 51121021500410 H -80.509485847833 37.1433337287836
51121021500410 H -80.509485847833 37.1433337287836 51121021500421 H -80.5065527949322 37.1456252321366
511210215002560 H -80.502577721132 37.126327140311496 51121021500487 H -80.5030689617396 37.1254843686435
511210215002560 H -80.502577721132 37.126327140311496 511210215002828 H -80.5026864638272 37.1264858119477
51121021500487 H -80.5030689617396 37.1254843686435 51121021500473 H -80.5019633966667 37.1252836655216
511210215002828 H -80.5026864638272 37.1264858119477 51121021500502 H -80.50280627709229 37.1266289575222
511210212002257 H -80.5109592404306 37.15521353515821 511210212002571 H -80.5109025759842 37.1552912616038
511210212002571 H -80.5109025759842 37.1552912616038 511210212001066 H -80.5108399856245 37.1554257609882
511210212002262 H -80.49247608983609 37.146048192441796 5112102120049 H -80.49235654111891 37.146055839964205
5112102120049 H -80.49235654111891 37.146055839964205 5112102120034 H -80.4916755414492 37.14561859325129
511210215002590 H -80.5144487449556 37.1501135151585 51121021500357 H -80.5149216429195 37.1504235717842
511210215002590 H -80.5144487449556 37.1501135151585 51121021500355 H -80.5148871512813 37.147904468918
511210215002598 H -80.5016904378191 37.1381675494829 51121021500386 H -80.50168505786391 37.13880059922671
511210215002598 H -80.5016904378191 37.1381675494829 511210215002746 H -80.501779123145 37.13767899961721
511210215002746 H -80.501779123145 37.13767899961721 51121021500380 H -80.5017595904163 37.137583743384795
51121021500417 H -80.5069657684511 37.14584131739621 511210215002933 H -80.5074382585006 37.1462500548434
511210215002933 H -80.5074382585006 37.1462500548434 51121021500416 H -80.50734691272321 37.146424547503706
511210215002607 H -80.5072741299371 37.13951873709579 51121021500388 H -80.507033858409 37.1390779775326
511210215002607 H -80.5072741299371 37.13951873709579 51121021500364 H -80.5088942477022 37.1399381944526
51121021500388 H -80.507033858409 37.1390779775326 511210215002818 H -80.5065662725668 37.139144315439296
511210215002610 H -80.5014078257637 37.1320352335278 51121021500446 H -80.5017788535075 37.131847948928105
51121021500446 H -80.5017788535075 37.131847948928105 51121021500495 H -80.5011127586243 37.1307943216756
511210215002617 H -80.4944009644314 37.139152066317 51121021500369 H -80.4947483320943 37.138998970178
511210215002619 H -80.4749378178836 37.12505688616261 51121021500465 H -80.47507851101629 37.1252393792589
51121021500477 H -80.4902086471152 37.1259097496876 511210215002867 H -80.4908334413061 37.126466409870794
511210215002762 H -80.48724736723909 37.1231678493532 51121021500475 H -80.4867211550642 37.12335414735721
511210215002635 H -80.5142458539918 37.1481315881102 51121021500354 H -80.51433186038791 37.1481170177876
511210215002635 H -80.5142458539918 37.1481315881102 511210215003199 H -80.51413004221929 37.150018988765
511210215003199 H -80.51413004221929 37.150018988765 51121021500360 H -80.5138039757177 37.15030117751029
511210212002319 H -80.48764516843859 37.1465410569126 5112102120044 H -80.48851173599499 37.1459731703494
5112102120044 H -80.48851173599499 37.1459731703494 511210212008 H -80.4886619931729 37.14363329864821
511210215003015 H -80.4920944653038 37.1259454286679 51121021500490 H -80.4918418364077 37.126253261325395
511210215002662 H -80.49917377813709 37.13112286529249 51121021500435 H -80.4989103381881 37.1299615898226
511210215002662 H -80.49917377813709 37.13112286529249 511210215003297 H -80.4986793242932 37.1325843112763
511210215003297 H -80.4986793242932 37.1325843112763 51121021500447 H -80.4991315970991 37.1327464784683
511210215002675 H -80.4875827129026 37.1422536637461 511210215002787 H -80.4874123020043 37.1423998306728
511210212002361 H -80.4939579326443 37.1518095559739 511210212002471 H -80.49409666248059 37.1521416658261
511210212002471 H -80.49409666248059 37.1521416658261 5112102120073 H -80.4942270890991 37.1521525235757
5112102120011 H -80.5207206025094 37.1517065026248 5112102120013 H -80.52016088065899 37.1519725306281
5112102120013 H -80.52016088065899 37.1519725306281 511210212002386 H -80.5189087465965 37.152827018442295
5112102120014 H -80.5187039197111 37.152374798109 511210212002518 H -80.5185633705658 37.152317438691504
5112102120014 H -80.5187039197111 37.152374798109 5112102120069 H -80.51885446611891 37.15227947574471
511210212002518 H -80.5185633705658 37.152317438691504 5112102120068 H -80.5183087407561 37.1522040079676
5112102120019 H -80.5074414587248 37.1475950877269 51121021500362 H -80.5093306602822 37.147861923387396
5112102120019 H -80.5074414587248 37.1475950877269 51121021500416 H -80.50734691272321 37.146424547503706
5112102120020 H -80.5022111795658 37.14807926339 511210212001049 H -80.49973806924129 37.1503271628692
511210212001049 H -80.49973806924129 37.1503271628692 511210212002558 H -80.49986866158959 37.1505735403941
5112102120021 H -80.50283238321641 37.148367770216396 511210212002679 H -80.50271513143329 37.1482706412036
5112102120024 H -80.507901079079 37.15126762911221 5112102120070 H -80.5087440640973 37.151580313625296
5112102120070 H -80.5087440640973 37.151580313625296 5112102120074 H -80.5081842709471 37.152196141536
5112102120030 H -80.49142640442659 37.14927738813579 5112102120031 H -80.4915393252102 37.149264106360604
5112102120030 H -80.49142640442659 37.14927738813579 5112102120053 H -80.49058746791341 37.14806333020721
5112102120031 H -80.4915393252102 37.149264106360604 5112102120054 H -80.49511347233991 37.1482039511277
5112102120054 H -80.49511347233991 37.1482039511277 51121021500418 H -80.49608872617621 37.1464805413014
5112102120034 H -80.4916755414492 37.14561859325129 511210212002640 H -80.49209781393179 37.1455723222003
511210212002640 H -80.49209781393179 37.1455723222003 511210215002942 H -80.4931649245643 37.14395695638329
511210215002733 H -80.49215298023151 37.140486127714 51121021500375 H -80.4924792013723 37.14062624926361
511210212008 H -80.4886619931729 37.14363329864821 511210212007 H -80.4889310217517 37.1426902217135
511210212002709 H -80.4957122910471 37.1480079043407 51121021500420 H -80.4963776433519 37.146973405831204
511210212002423 H -80.5055395299602 37.1505094507837 511210212001064 H -80.50268454821159 37.15347865949271
511210212002423 H -80.5055395299602 37.1505094507837 511210212002681 H -80.50550342599959 37.150163037058
511210212001064 H -80.50268454821159 37.15347865949271 5112102120078 H -80.5014055672015 37.1532363439108
511210215002755 H -80.50489837284229 37.13904456607821 51121021500387 H -80.5044101394637 37.138799999032
511210215002755 H -80.50489837284229 37.13904456607821 51121021500385 H -80.5050690149429 37.138706806188395
51121021500385 H -80.5050690149429 37.138706806188395 51121021500382 H -80.5060973086333 37.1385578160144
5112102120071 H -80.49479368487358 37.152557006018704 511210212001046 H -80.49874610452959 37.149368593945496
5112102120071 H -80.49479368487358 37.152557006018704 5112102120073 H -80.4942270890991 37.1521525235757
51121021500475 H -80.4867211550642 37.12335414735721 51121021500338 H -80.4861694859046 37.1226196656209
511210215002764 H -80.4924947564713 37.13493729594671 51121021500399 H -80.49260854085921 37.13545260833821
511210215002764 H -80.4924947564713 37.13493729594671 51121021500398 H -80.4925157126016 37.1344474118498
51121021500399 H -80.49260854085921 37.13545260833821 511210215003371 H -80.4927723937979 37.1353616953254
5112102120078 H -80.5014055672015 37.1532363439108 511210212001065 H -80.5020579138102 37.1548668025914
5112102120079 H -80.5022050869073 37.151589148039896 511210212002588 H -80.50255162475591 37.150693548183
511210212002588 H -80.50255162475591 37.150693548183 5112102120080 H -80.5038712556188 37.1496132285202
511210212003 H -80.4880171857597 37.1415386765591 511210212002572 H -80.4879426132428 37.141944366451895
511210215002818 H -80.5065662725668 37.139144315439296 511210215002865 H -80.5064657723595 37.1384579671922
511210215002830 H -80.4982113886656 37.132715924372 511210215002951 H -80.497399605763 37.13254048127821
511210215002951 H -80.497399605763 37.13254048127821 51121021500443 H -80.49777670515721 37.1324578783507
511210215002860 H -80.5155808533473 37.1161530474734 511210215001532 H -80.51547149816959 37.116466880112796
511210212002558 H -80.49986866158959 37.1505735403941 511210212001048 H -80.4997965649745 37.15099384486111
51121021500549 H -80.4724683291216 37.117691576130206 51121021500546 H -80.4714421462005 37.1175388744543
511210212001066 H -80.5108399856245 37.1554257609882 511210212001069 H -80.5108807283967 37.156154232111504
51121021500333 H -80.46706715238379 37.1188401970819 51121021500555 H -80.4690636724617 37.11859188083621
51121021500340 H -80.4702595405959 37.120806255854895 51121021500335 H -80.4696374340977 37.121309848922
511210215002895 H -80.5060428181127 37.14570969899121 51121021500422 H -80.5052359067824 37.1473527357633
511210215002895 H -80.5060428181127 37.14570969899121 51121021500421 H -80.5065527949322 37.1456252321366
51121021500341 H -80.4733172505862 37.121385304012 51121021500348 H -80.47322378682321 37.12201749217029
51121021500349 H -80.522573906007 37.123129096149505 51121021500554 H -80.5191066784792 37.1187888271188
51121021500561 H -80.52266545038309 37.119088043454596 51121021500553 H -80.52269928437741 37.11883331678569
51121021500558 H -80.49563829282752 37.1199739651975 51121021500557 H -80.4948415066467 37.1206559860149
511210215003030 H -80.4855194257729 37.1252982157018 51121021500482 H -80.4852546238831 37.12556185166029
511210212002615 H -80.5123175546597 37.1522191023355 51121021500360 H -80.5138039757177 37.15030117751029
511210215002950 H -80.5150593370498 37.1274181109183 51121021500507 H -80.515033490135 37.12733514655179
51121021500443 H -80.49777670515721 37.1324578783507 51121021500436 H -80.4988107891568 37.1306982033438
51121021500490 H -80.4918418364077 37.126253261325395 51121021500478 H -80.4910351158327 37.12670295157979
51121021500420 H -80.4963776433519 37.146973405831204 511210215003400 H -80.49619693363309 37.14685657496821
511210215003040 H -80.4841066586788 37.133661297566704 51121021500456 H -80.4844612712553 37.133095389052
51121021500456 H -80.4844612712553 37.133095389052 511210215003225 H -80.4850807199026 37.133310473710395
51121021500555 H -80.4690636724617 37.11859188083621 51121021500550 H -80.4697553595557 37.1181411606459
51121021500336 H -80.4969158760022 37.121805566985 511210215003360 H -80.4966601980984 37.1231896265873
511210215003360 H -80.4966601980984 37.1231896265873 511210215003176 H -80.4964716887417 37.1236556969626
51121021500337 H -80.4842185657519 37.1223742316972 51121021500338 H -80.4861694859046 37.1226196656209
51121021500343 H -80.5048350989876 37.1218497216049 51121021500346 H -80.5042113148696 37.1214396839865
51121021500344 H -80.4766543032757 37.121988114485895 511210215003136 H -80.47647662621341 37.122270605114295
51121021500347 H -80.4735365384364 37.1224213747744 511210215003204 H -80.4733024174721 37.1223200180788
51121021500513 H -80.4967488139306 37.127760254239895 51121021500527 H -80.4972256143099 37.1283133580431
51121021500492 H -80.51398293515341 37.12626301613079 51121021500505 H -80.51385912184541 37.1264190939903
51121021500366 H -80.48744893585179 37.1420305532614 51121021500384 H -80.48649881913809 37.1396934916281
51121021500384 H -80.48649881913809 37.1396934916281 51121021500367 H -80.48597582016609 37.1386515942727
51121021500367 H -80.48597582016609 37.1386515942727 51121021500379 H -80.4856281066422 37.13838033066849
51121021500379 H -80.4856281066422 37.13838033066849 51121021500402 H -80.4879766287268 37.138524975168096
51121021500389 H -80.49936670848041 37.1396169110149 51121021500377 H -80.4970614850092 37.1411435646924
51121021500515 H -80.5014269200126 37.127877471489796 51121021500516 H -80.5011271084269 37.1281869017427
51121021500521 H -80.4843255285412 37.1280031572408 51121021500481 H -80.4840642981362 37.1250160117965
51121021500381 H -80.50626069658391 37.1387547888246 51121021500382 H -80.5060973086333 37.1385578160144
51121021500383 H -80.4905556833301 37.1383512663237 51121021500404 H -80.4884920375472 37.1377899468957
51121021500397 H -80.5007114913562 37.136968599055294 51121021500406 H -80.5008949260892 37.1376016226706
51121021500401 H -80.4934416030387 37.136061851425 511210215003335 H -80.49336620065421 37.136400999913796
51121021500424 H -80.4684701790148 37.130228546602 51121021500430 H -80.4685710933362 37.130192596743896
51121021500407 H -80.5066637672277 37.1362581702388 511210215003376 H -80.50675347893859 37.136376003987
51121021500411 H -80.4982251415443 37.1423336462969 51121021500413 H -80.4987561588119 37.1429871475202
51121021500413 H -80.4987561588119 37.1429871475202 51121021500419 H -80.49939394740791 37.1435087139245
51121021500428 H -80.4682950286658 37.132058830363604 51121021500451 H -80.4681109490202 37.1318487026931
51121021500437 H -80.49175191514509 37.1309137296128 51121021500438 H -80.4917168384442 37.1306726222806
51121021500438 H -80.4917168384442 37.1306726222806 511210215003356 H -80.49224774833 37.1301454379718
51121021500444 H -80.48197698027342 37.1322688101303 511210215003339 H -80.4823466845457 37.1322863170814
511210215003339 H -80.4823466845457 37.1322863170814 51121021500445 H -80.4826864951885 37.13173519297779
511210215003167 H -80.47285789565349 37.1294770869833 51121021500518 H -80.4740680976673 37.129448873223296
511210215003167 H -80.47285789565349 37.1294770869833 51121021500520 H -80.4723341947051 37.129524560420606
51121021500520 H -80.4723341947051 37.129524560420606 51121021500514 H -80.4724517667401 37.1293183717584
51121021500448 H -80.4993750064758 37.133282785033295 51121021500447 H -80.4991315970991 37.1327464784683
511210215003169 H -80.52283798113659 37.118406848719104 51121021500553 H -80.52269928437741 37.11883331678569
511210215003169 H -80.52283798113659 37.118406848719104 511210215003249 H -80.5229051024966 37.1182645154005
511210215003249 H -80.5229051024966 37.1182645154005 51121021500562 H -80.5215796423909 37.118663887534
511210215003172 H -80.4710019737361 37.1289949952008 51121021500517 H -80.47115701723929 37.129488829772896
511210215003176 H -80.4964716887417 37.1236556969626 51121021500461 H -80.4966354584751 37.1237937822369
51121021500459 H -80.4704385206077 37.125521868571504 51121021500496 H -80.4695130294663 37.127224859491
51121021500467 H -80.50412435611041 37.12376985501079 51121021500483 H -80.5038338896523 37.1239913430421
51121021500483 H -80.5038338896523 37.1239913430421 51121021500484 H -80.5043413630241 37.1245469564155
51121021500468 H -80.5050225113119 37.1243428604521 51121021500484 H -80.5043413630241 37.1245469564155
511210215003189 H -80.4722767314336 37.129219816207396 51121021500514 H -80.4724517667401 37.1293183717584
51121021500469 H -80.5130584281417 37.12326664925821 51121021500470 H -80.51306410897351 37.1245903635404
51121021500472 H -80.49642556644208 37.1248959147975 51121021500500 H -80.49652087246069 37.1256423673066
51121021500489 H -80.49234974182009 37.12300475486421 51121021500559 H -80.4930663602338 37.1205459373709
51121021500504 H -80.5145828106193 37.1261626867247 511210215003405 H -80.5145168972923 37.1262680347426
51121021500523 H -80.5048768829588 37.12881852846571 51121021500532 H -80.5044523388828 37.129213959396
51121021500525 H -80.4958370952531 37.129587935187295 511210215003282 H -80.4961419289298 37.1294309495702
511210215001523 H -80.47653827016859 37.1141209500859 511210215001518 H -80.4760491998147 37.1135461810704
511210212001067 H -80.5098784408585 37.155767857001294 511210212001079 H -80.5080828978684 37.1569711724909
511210212001067 H -80.5098784408585 37.155767857001294 511210212001068 H -80.50946318619529 37.15576059698221
511210212001079 H -80.5080828978684 37.1569711724909 511210212001080 H -80.50692179292149 37.1564467852905
511210212001080 H -80.50692179292149 37.1564467852905 511210212001123 H -80.50477148770221 37.1567663686761
